  186.9  66.4 248.2
  185.9  67.8  99.7
    5.6  64.0 158.7
    5.9  64.0 158.4
  182.9  74.5  99.1
  183.6  62.8 100.5
    6.4  62.4 157.9
  184.3  72.4 277.7
  182.4  62.1  39.2
  187.7  63.5 158.5
  192.3  82.4 155.8
  187.6  70.6 276.4
  186.5  57.8 277.2
  207.2  69.3 202.2
  192.4  82.2 274.5
  181.4  82.0  47.5
  194.4  83.9 183.9
   12.4  82.4 240.6
   11.5  80.8 181.3
    4.6  59.3 139.2
  188.1  85.2  99.0
  187.2  85.0 338.2
    6.7  59.0 260.7
   13.2  81.8 200.4
  191.8  64.2  94.5
   10.3  79.3  71.8
  188.1  75.6  47.9
    8.3  81.6 181.7
   11.4  85.9  80.3
    3.1  69.8 262.6
    7.5  54.9 258.2
   10.1  59.5 333.0
   21.4  86.7 245.5
   12.9  66.7  63.8
   16.0  55.3 263.5
    8.6  65.3 183.3
  178.0  57.1 282.3
  178.2  56.3 282.5
   20.3  67.1  78.2
  193.4  37.5  79.4
   12.6  68.2 205.6
  190.7  49.0  19.3
  200.0  41.9 288.9
  181.3  75.2  75.7
  183.0  73.8 194.7
  185.3  75.4  74.7
  191.4  81.0 104.2
  190.5  87.6 176.6
    4.6  73.8 212.7
    4.2  89.6 210.9
  181.6  55.2 285.3
  185.9  52.1 283.1
  183.0  85.2 231.2
    3.2  84.6 286.1
  182.2  62.5 112.3
  175.1  50.6 268.7
  179.5  66.3 102.2
  177.8  57.2 266.2
  180.9  67.9 101.4
  180.1  68.8 101.3
  178.9  53.9 265.8
  178.9  65.8  84.0
  180.1  68.6 102.0
    6.1  86.3 286.5
    5.6  88.4 166.7
    1.1  85.0 106.1
  179.6  69.1 101.7
  179.4  51.3 265.5
  180.8  67.9 101.3
  180.5  61.3  86.9
  181.3  64.7  84.3
  177.3  62.5 333.0
  183.9  62.8  81.5
  183.9  63.1  81.6
  184.6  75.4 311.5
  200.9  44.0 168.1
  186.1  46.5  22.1
  188.7  62.1  97.9
  169.9  59.6 351.1
   14.0  70.7 268.5
   13.0  78.4  65.8
    2.4  82.5 223.8
  170.9  52.3  65.7
  185.6  48.4  94.3
  193.1  73.3 261.1
  175.9  51.2  28.4
  180.3  61.7 113.0
  356.4  31.5 273.2
  360.0  33.0 210.4
    2.0  34.1 328.5
    3.8  34.8  26.6
    5.0  37.0 147.1
   34.2  28.4   2.1
  149.6  87.0 105.2
    7.2  38.4 264.3
  153.2  76.5 249.4
    3.3  43.3  27.5
  356.1  53.9 341.8
    0.9  45.0 209.4
  181.8  59.5 272.8
  186.1  61.0  81.4
  181.8  31.5 212.9
  359.4  45.2 271.9
    8.4  65.6 241.0
   81.3  45.6  19.5
    6.3  61.4 242.9
  358.1  36.2 338.7
   18.2  70.8  89.7
  187.3  51.1 108.4
  192.7  47.0 107.0
  183.9  62.4  61.6
  192.2  35.4 108.0
  252.6  47.6  93.4
  214.7  62.0 270.2
  208.8  65.9 264.5
  186.1  66.1 196.8
  186.2  73.0  77.0
  186.1  62.7 133.8
  189.3  64.0 251.3
    8.8  84.4 258.2
  181.6  70.3  48.2
  185.2  63.9  62.7
  187.4  67.9 202.2
  189.9  65.1 266.7
  181.4  70.1 160.6
  352.2  50.2  88.1
  188.1  42.5 276.1
    2.4  56.5 279.6
  177.4  69.9 250.7
  141.5  65.0 275.0
  183.2  65.6 268.5
  269.8  62.8 247.2
  359.6  21.1 222.8
  347.9  32.8 239.5
  179.8  53.7 280.3
  179.3  56.8 281.6
  209.0  88.6 129.2
   23.7  88.0 226.8
  197.3  68.8 225.9
  195.5  88.2 184.3
   11.3  87.8 174.4
   21.7  84.8 179.6
  193.4  81.1  77.1
  200.0  86.3 313.7
   50.1  59.7 159.3
  191.7  62.8 173.6
  182.7  78.6   0.2
  184.4  84.8 359.4
  189.2  86.3 264.5
  172.9  60.9 310.7
  182.3  78.5 268.2
  202.8  68.4  85.1
  175.7  87.0 358.5
  190.3  70.8 188.4
   61.8  60.7 194.8
   33.1  83.8 335.4
  214.4  42.7 148.7
  179.6  20.6 304.5
  192.7  66.6  57.7
  192.2  68.1  57.9
  209.9  48.2  80.1
  189.8  71.4  86.7
  153.0  53.7 307.2
  183.2  81.6 149.6
  187.6  76.2 217.9
  190.2  72.0 181.1
  192.2  72.5  61.0
  184.9  78.9 312.2
  187.3  54.3  83.3
  191.9  74.5 165.0
  186.5  76.5 292.7
  200.1  66.6 118.2
  189.0  67.4   2.6
  180.1  71.8  60.4
  180.9  69.7  60.2
  186.1  66.8 298.9
  182.2  73.9 298.4
  190.1  67.1  69.8
  186.6  82.1  13.4
  189.8  70.6  54.5
  189.1  72.1  55.7
    4.0  86.5 269.2
  189.5  84.1 209.2
  193.3  79.2 262.8
  191.4  81.8 142.9
  191.4  84.2 147.9
   10.4  53.3  93.2
    6.7  77.0 338.5
  185.7  85.8 327.7
   11.0  88.4 152.1
   12.2  84.9 274.6
  192.8  88.1 208.1
  186.4  86.6 207.7
  184.5  85.4 327.9
    5.2  68.2 278.8
  191.4  81.0  68.0
  194.2  79.5  66.7
  171.3  77.2 242.8
  183.3  81.8  61.3
    2.2  77.1 187.6
  174.6  75.6 245.4
