 -100.00   -20.00  -400.00 01
  -90.00   -20.00  -400.00 01
  -80.00   -20.00  -400.00 01
  -70.00   -20.00  -400.00 01
  -60.00   -20.00  -400.00 01
  -50.00   -20.00  -400.00 01
  -40.00   -20.00  -400.00 01
  -30.00   -20.00  -400.00 01
  -20.00   -20.00  -400.00 01
  -10.00   -20.00  -400.00 01
    0.00   -20.00  -400.00 02
   10.00   -20.00  -400.00 02
   20.00   -20.00  -400.00 02
   30.00   -20.00  -400.00 02
   40.00   -20.00  -400.00 02
   50.00   -20.00  -400.00 02
   60.00   -20.00  -400.00 02
   70.00   -20.00  -400.00 02
   80.00   -20.00  -400.00 02
   90.00   -20.00  -400.00 02
  100.00   -20.00  -400.00 02
 -100.00   -10.00  -400.00 01
  -90.00   -10.00  -400.00 01
  -80.00   -10.00  -400.00 01
  -70.00   -10.00  -400.00 01
  -60.00   -10.00  -400.00 01
  -50.00   -10.00  -400.00 01
  -40.00   -10.00  -400.00 01
  -30.00   -10.00  -400.00 01
  -20.00   -10.00  -400.00 01
  -10.00   -10.00  -400.00 01
    0.00   -10.00  -400.00 02
   10.00   -10.00  -400.00 02
   20.00   -10.00  -400.00 02
   30.00   -10.00  -400.00 02
   40.00   -10.00  -400.00 02
   50.00   -10.00  -400.00 02
   60.00   -10.00  -400.00 02
   70.00   -10.00  -400.00 02
   80.00   -10.00  -400.00 02
   90.00   -10.00  -400.00 02
  100.00   -10.00  -400.00 02
 -100.00     0.00  -400.00 01
  -90.00     0.00  -400.00 01
  -80.00     0.00  -400.00 01
  -70.00     0.00  -400.00 01
  -60.00     0.00  -400.00 01
  -50.00     0.00  -400.00 01
  -40.00     0.00  -400.00 01
  -30.00     0.00  -400.00 01
  -20.00     0.00  -400.00 01
  -10.00     0.00  -400.00 01
    0.00     0.00  -400.00 02
   10.00     0.00  -400.00 02
   20.00     0.00  -400.00 02
   30.00     0.00  -400.00 02
   40.00     0.00  -400.00 02
   50.00     0.00  -400.00 02
   60.00     0.00  -400.00 02
   70.00     0.00  -400.00 02
   80.00     0.00  -400.00 02
   90.00     0.00  -400.00 02
  100.00     0.00  -400.00 02
 -100.00    10.00  -400.00 01
  -90.00    10.00  -400.00 01
  -80.00    10.00  -400.00 01
  -70.00    10.00  -400.00 01
  -60.00    10.00  -400.00 01
  -50.00    10.00  -400.00 01
  -40.00    10.00  -400.00 01
  -30.00    10.00  -400.00 01
  -20.00    10.00  -400.00 01
  -10.00    10.00  -400.00 01
    0.00    10.00  -400.00 02
   10.00    10.00  -400.00 02
   20.00    10.00  -400.00 02
   30.00    10.00  -400.00 02
   40.00    10.00  -400.00 02
   50.00    10.00  -400.00 02
   60.00    10.00  -400.00 02
   70.00    10.00  -400.00 02
   80.00    10.00  -400.00 02
   90.00    10.00  -400.00 02
  100.00    10.00  -400.00 02
 -100.00    20.00  -400.00 01
  -90.00    20.00  -400.00 01
  -80.00    20.00  -400.00 01
  -70.00    20.00  -400.00 01
  -60.00    20.00  -400.00 01
  -50.00    20.00  -400.00 01
  -40.00    20.00  -400.00 01
  -30.00    20.00  -400.00 01
  -20.00    20.00  -400.00 01
  -10.00    20.00  -400.00 01
    0.00    20.00  -400.00 02
   10.00    20.00  -400.00 02
   20.00    20.00  -400.00 02
   30.00    20.00  -400.00 02
   40.00    20.00  -400.00 02
   50.00    20.00  -400.00 02
   60.00    20.00  -400.00 02
   70.00    20.00  -400.00 02
   80.00    20.00  -400.00 02
   90.00    20.00  -400.00 02
  100.00    20.00  -400.00 02
 -100.00   -20.00  -390.00 01
  -90.00   -20.00  -390.00 01
  -80.00   -20.00  -390.00 01
  -70.00   -20.00  -390.00 01
  -60.00   -20.00  -390.00 01
  -50.00   -20.00  -390.00 01
  -40.00   -20.00  -390.00 01
  -30.00   -20.00  -390.00 01
  -20.00   -20.00  -390.00 01
  -10.00   -20.00  -390.00 01
    0.00   -20.00  -390.00 02
   10.00   -20.00  -390.00 02
   20.00   -20.00  -390.00 02
   30.00   -20.00  -390.00 02
   40.00   -20.00  -390.00 02
   50.00   -20.00  -390.00 02
   60.00   -20.00  -390.00 02
   70.00   -20.00  -390.00 02
   80.00   -20.00  -390.00 02
   90.00   -20.00  -390.00 02
  100.00   -20.00  -390.00 02
 -100.00   -10.00  -390.00 01
  -90.00   -10.00  -390.00 01
  -80.00   -10.00  -390.00 01
  -70.00   -10.00  -390.00 01
  -60.00   -10.00  -390.00 01
  -50.00   -10.00  -390.00 01
  -40.00   -10.00  -390.00 01
  -30.00   -10.00  -390.00 01
  -20.00   -10.00  -390.00 01
  -10.00   -10.00  -390.00 01
    0.00   -10.00  -390.00 02
   10.00   -10.00  -390.00 02
   20.00   -10.00  -390.00 02
   30.00   -10.00  -390.00 02
   40.00   -10.00  -390.00 02
   50.00   -10.00  -390.00 02
   60.00   -10.00  -390.00 02
   70.00   -10.00  -390.00 02
   80.00   -10.00  -390.00 02
   90.00   -10.00  -390.00 02
  100.00   -10.00  -390.00 02
 -100.00     0.00  -390.00 01
  -90.00     0.00  -390.00 01
  -80.00     0.00  -390.00 01
  -70.00     0.00  -390.00 01
  -60.00     0.00  -390.00 01
  -50.00     0.00  -390.00 01
  -40.00     0.00  -390.00 01
  -30.00     0.00  -390.00 01
  -20.00     0.00  -390.00 01
  -10.00     0.00  -390.00 01
    0.00     0.00  -390.00 02
   10.00     0.00  -390.00 02
   20.00     0.00  -390.00 02
   30.00     0.00  -390.00 02
   40.00     0.00  -390.00 02
   50.00     0.00  -390.00 02
   60.00     0.00  -390.00 02
   70.00     0.00  -390.00 02
   80.00     0.00  -390.00 02
   90.00     0.00  -390.00 02
  100.00     0.00  -390.00 02
 -100.00    10.00  -390.00 01
  -90.00    10.00  -390.00 01
  -80.00    10.00  -390.00 01
  -70.00    10.00  -390.00 01
  -60.00    10.00  -390.00 01
  -50.00    10.00  -390.00 01
  -40.00    10.00  -390.00 01
  -30.00    10.00  -390.00 01
  -20.00    10.00  -390.00 01
  -10.00    10.00  -390.00 01
    0.00    10.00  -390.00 02
   10.00    10.00  -390.00 02
   20.00    10.00  -390.00 02
   30.00    10.00  -390.00 02
   40.00    10.00  -390.00 02
   50.00    10.00  -390.00 02
   60.00    10.00  -390.00 02
   70.00    10.00  -390.00 02
   80.00    10.00  -390.00 02
   90.00    10.00  -390.00 02
  100.00    10.00  -390.00 02
 -100.00    20.00  -390.00 01
  -90.00    20.00  -390.00 01
  -80.00    20.00  -390.00 01
  -70.00    20.00  -390.00 01
  -60.00    20.00  -390.00 01
  -50.00    20.00  -390.00 01
  -40.00    20.00  -390.00 01
  -30.00    20.00  -390.00 01
  -20.00    20.00  -390.00 01
  -10.00    20.00  -390.00 01
    0.00    20.00  -390.00 02
   10.00    20.00  -390.00 02
   20.00    20.00  -390.00 02
   30.00    20.00  -390.00 02
   40.00    20.00  -390.00 02
   50.00    20.00  -390.00 02
   60.00    20.00  -390.00 02
   70.00    20.00  -390.00 02
   80.00    20.00  -390.00 02
   90.00    20.00  -390.00 02
  100.00    20.00  -390.00 02
 -100.00   -20.00  -380.00 01
  -90.00   -20.00  -380.00 01
  -80.00   -20.00  -380.00 01
  -70.00   -20.00  -380.00 01
  -60.00   -20.00  -380.00 01
  -50.00   -20.00  -380.00 01
  -40.00   -20.00  -380.00 01
  -30.00   -20.00  -380.00 01
  -20.00   -20.00  -380.00 01
  -10.00   -20.00  -380.00 01
    0.00   -20.00  -380.00 02
   10.00   -20.00  -380.00 02
   20.00   -20.00  -380.00 02
   30.00   -20.00  -380.00 02
   40.00   -20.00  -380.00 02
   50.00   -20.00  -380.00 02
   60.00   -20.00  -380.00 02
   70.00   -20.00  -380.00 02
   80.00   -20.00  -380.00 02
   90.00   -20.00  -380.00 02
  100.00   -20.00  -380.00 02
 -100.00   -10.00  -380.00 01
  -90.00   -10.00  -380.00 01
  -80.00   -10.00  -380.00 01
  -70.00   -10.00  -380.00 01
  -60.00   -10.00  -380.00 01
  -50.00   -10.00  -380.00 01
  -40.00   -10.00  -380.00 01
  -30.00   -10.00  -380.00 01
  -20.00   -10.00  -380.00 01
  -10.00   -10.00  -380.00 01
    0.00   -10.00  -380.00 02
   10.00   -10.00  -380.00 02
   20.00   -10.00  -380.00 02
   30.00   -10.00  -380.00 02
   40.00   -10.00  -380.00 02
   50.00   -10.00  -380.00 02
   60.00   -10.00  -380.00 02
   70.00   -10.00  -380.00 02
   80.00   -10.00  -380.00 02
   90.00   -10.00  -380.00 02
  100.00   -10.00  -380.00 02
 -100.00     0.00  -380.00 01
  -90.00     0.00  -380.00 01
  -80.00     0.00  -380.00 01
  -70.00     0.00  -380.00 01
  -60.00     0.00  -380.00 01
  -50.00     0.00  -380.00 01
  -40.00     0.00  -380.00 01
  -30.00     0.00  -380.00 01
  -20.00     0.00  -380.00 01
  -10.00     0.00  -380.00 01
    0.00     0.00  -380.00 02
   10.00     0.00  -380.00 02
   20.00     0.00  -380.00 02
   30.00     0.00  -380.00 02
   40.00     0.00  -380.00 02
   50.00     0.00  -380.00 02
   60.00     0.00  -380.00 02
   70.00     0.00  -380.00 02
   80.00     0.00  -380.00 02
   90.00     0.00  -380.00 02
  100.00     0.00  -380.00 02
 -100.00    10.00  -380.00 01
  -90.00    10.00  -380.00 01
  -80.00    10.00  -380.00 01
  -70.00    10.00  -380.00 01
  -60.00    10.00  -380.00 01
  -50.00    10.00  -380.00 01
  -40.00    10.00  -380.00 01
  -30.00    10.00  -380.00 01
  -20.00    10.00  -380.00 01
  -10.00    10.00  -380.00 01
    0.00    10.00  -380.00 02
   10.00    10.00  -380.00 02
   20.00    10.00  -380.00 02
   30.00    10.00  -380.00 02
   40.00    10.00  -380.00 02
   50.00    10.00  -380.00 02
   60.00    10.00  -380.00 02
   70.00    10.00  -380.00 02
   80.00    10.00  -380.00 02
   90.00    10.00  -380.00 02
  100.00    10.00  -380.00 02
 -100.00    20.00  -380.00 01
  -90.00    20.00  -380.00 01
  -80.00    20.00  -380.00 01
  -70.00    20.00  -380.00 01
  -60.00    20.00  -380.00 01
  -50.00    20.00  -380.00 01
  -40.00    20.00  -380.00 01
  -30.00    20.00  -380.00 01
  -20.00    20.00  -380.00 01
  -10.00    20.00  -380.00 01
    0.00    20.00  -380.00 02
   10.00    20.00  -380.00 02
   20.00    20.00  -380.00 02
   30.00    20.00  -380.00 02
   40.00    20.00  -380.00 02
   50.00    20.00  -380.00 02
   60.00    20.00  -380.00 02
   70.00    20.00  -380.00 02
   80.00    20.00  -380.00 02
   90.00    20.00  -380.00 02
  100.00    20.00  -380.00 02
 -100.00   -20.00  -370.00 01
  -90.00   -20.00  -370.00 01
  -80.00   -20.00  -370.00 01
  -70.00   -20.00  -370.00 01
  -60.00   -20.00  -370.00 01
  -50.00   -20.00  -370.00 01
  -40.00   -20.00  -370.00 01
  -30.00   -20.00  -370.00 01
  -20.00   -20.00  -370.00 01
  -10.00   -20.00  -370.00 01
    0.00   -20.00  -370.00 02
   10.00   -20.00  -370.00 02
   20.00   -20.00  -370.00 02
   30.00   -20.00  -370.00 02
   40.00   -20.00  -370.00 02
   50.00   -20.00  -370.00 02
   60.00   -20.00  -370.00 02
   70.00   -20.00  -370.00 02
   80.00   -20.00  -370.00 02
   90.00   -20.00  -370.00 02
  100.00   -20.00  -370.00 02
 -100.00   -10.00  -370.00 01
  -90.00   -10.00  -370.00 01
  -80.00   -10.00  -370.00 01
  -70.00   -10.00  -370.00 01
  -60.00   -10.00  -370.00 01
  -50.00   -10.00  -370.00 01
  -40.00   -10.00  -370.00 01
  -30.00   -10.00  -370.00 01
  -20.00   -10.00  -370.00 01
  -10.00   -10.00  -370.00 01
    0.00   -10.00  -370.00 02
   10.00   -10.00  -370.00 02
   20.00   -10.00  -370.00 02
   30.00   -10.00  -370.00 02
   40.00   -10.00  -370.00 02
   50.00   -10.00  -370.00 02
   60.00   -10.00  -370.00 02
   70.00   -10.00  -370.00 02
   80.00   -10.00  -370.00 02
   90.00   -10.00  -370.00 02
  100.00   -10.00  -370.00 02
 -100.00     0.00  -370.00 01
  -90.00     0.00  -370.00 01
  -80.00     0.00  -370.00 01
  -70.00     0.00  -370.00 01
  -60.00     0.00  -370.00 01
  -50.00     0.00  -370.00 01
  -40.00     0.00  -370.00 01
  -30.00     0.00  -370.00 01
  -20.00     0.00  -370.00 01
  -10.00     0.00  -370.00 01
    0.00     0.00  -370.00 02
   10.00     0.00  -370.00 02
   20.00     0.00  -370.00 02
   30.00     0.00  -370.00 02
   40.00     0.00  -370.00 02
   50.00     0.00  -370.00 02
   60.00     0.00  -370.00 02
   70.00     0.00  -370.00 02
   80.00     0.00  -370.00 02
   90.00     0.00  -370.00 02
  100.00     0.00  -370.00 02
 -100.00    10.00  -370.00 01
  -90.00    10.00  -370.00 01
  -80.00    10.00  -370.00 01
  -70.00    10.00  -370.00 01
  -60.00    10.00  -370.00 01
  -50.00    10.00  -370.00 01
  -40.00    10.00  -370.00 01
  -30.00    10.00  -370.00 01
  -20.00    10.00  -370.00 01
  -10.00    10.00  -370.00 01
    0.00    10.00  -370.00 02
   10.00    10.00  -370.00 02
   20.00    10.00  -370.00 02
   30.00    10.00  -370.00 02
   40.00    10.00  -370.00 02
   50.00    10.00  -370.00 02
   60.00    10.00  -370.00 02
   70.00    10.00  -370.00 02
   80.00    10.00  -370.00 02
   90.00    10.00  -370.00 02
  100.00    10.00  -370.00 02
 -100.00    20.00  -370.00 01
  -90.00    20.00  -370.00 01
  -80.00    20.00  -370.00 01
  -70.00    20.00  -370.00 01
  -60.00    20.00  -370.00 01
  -50.00    20.00  -370.00 01
  -40.00    20.00  -370.00 01
  -30.00    20.00  -370.00 01
  -20.00    20.00  -370.00 01
  -10.00    20.00  -370.00 01
    0.00    20.00  -370.00 02
   10.00    20.00  -370.00 02
   20.00    20.00  -370.00 02
   30.00    20.00  -370.00 02
   40.00    20.00  -370.00 02
   50.00    20.00  -370.00 02
   60.00    20.00  -370.00 02
   70.00    20.00  -370.00 02
   80.00    20.00  -370.00 02
   90.00    20.00  -370.00 02
  100.00    20.00  -370.00 02
 -100.00   -20.00  -360.00 01
  -90.00   -20.00  -360.00 01
  -80.00   -20.00  -360.00 01
  -70.00   -20.00  -360.00 01
  -60.00   -20.00  -360.00 01
  -50.00   -20.00  -360.00 01
  -40.00   -20.00  -360.00 01
  -30.00   -20.00  -360.00 01
  -20.00   -20.00  -360.00 01
  -10.00   -20.00  -360.00 01
    0.00   -20.00  -360.00 02
   10.00   -20.00  -360.00 02
   20.00   -20.00  -360.00 02
   30.00   -20.00  -360.00 02
   40.00   -20.00  -360.00 02
   50.00   -20.00  -360.00 02
   60.00   -20.00  -360.00 02
   70.00   -20.00  -360.00 02
   80.00   -20.00  -360.00 02
   90.00   -20.00  -360.00 02
  100.00   -20.00  -360.00 02
 -100.00   -10.00  -360.00 01
  -90.00   -10.00  -360.00 01
  -80.00   -10.00  -360.00 01
  -70.00   -10.00  -360.00 01
  -60.00   -10.00  -360.00 01
  -50.00   -10.00  -360.00 01
  -40.00   -10.00  -360.00 01
  -30.00   -10.00  -360.00 01
  -20.00   -10.00  -360.00 01
  -10.00   -10.00  -360.00 01
    0.00   -10.00  -360.00 02
   10.00   -10.00  -360.00 02
   20.00   -10.00  -360.00 02
   30.00   -10.00  -360.00 02
   40.00   -10.00  -360.00 02
   50.00   -10.00  -360.00 02
   60.00   -10.00  -360.00 02
   70.00   -10.00  -360.00 02
   80.00   -10.00  -360.00 02
   90.00   -10.00  -360.00 02
  100.00   -10.00  -360.00 02
 -100.00     0.00  -360.00 01
  -90.00     0.00  -360.00 01
  -80.00     0.00  -360.00 01
  -70.00     0.00  -360.00 01
  -60.00     0.00  -360.00 01
  -50.00     0.00  -360.00 01
  -40.00     0.00  -360.00 01
  -30.00     0.00  -360.00 01
  -20.00     0.00  -360.00 01
  -10.00     0.00  -360.00 01
    0.00     0.00  -360.00 02
   10.00     0.00  -360.00 02
   20.00     0.00  -360.00 02
   30.00     0.00  -360.00 02
   40.00     0.00  -360.00 02
   50.00     0.00  -360.00 02
   60.00     0.00  -360.00 02
   70.00     0.00  -360.00 02
   80.00     0.00  -360.00 02
   90.00     0.00  -360.00 02
  100.00     0.00  -360.00 02
 -100.00    10.00  -360.00 01
  -90.00    10.00  -360.00 01
  -80.00    10.00  -360.00 01
  -70.00    10.00  -360.00 01
  -60.00    10.00  -360.00 01
  -50.00    10.00  -360.00 01
  -40.00    10.00  -360.00 01
  -30.00    10.00  -360.00 01
  -20.00    10.00  -360.00 01
  -10.00    10.00  -360.00 01
    0.00    10.00  -360.00 02
   10.00    10.00  -360.00 02
   20.00    10.00  -360.00 02
   30.00    10.00  -360.00 02
   40.00    10.00  -360.00 02
   50.00    10.00  -360.00 02
   60.00    10.00  -360.00 02
   70.00    10.00  -360.00 02
   80.00    10.00  -360.00 02
   90.00    10.00  -360.00 02
  100.00    10.00  -360.00 02
 -100.00    20.00  -360.00 01
  -90.00    20.00  -360.00 01
  -80.00    20.00  -360.00 01
  -70.00    20.00  -360.00 01
  -60.00    20.00  -360.00 01
  -50.00    20.00  -360.00 01
  -40.00    20.00  -360.00 01
  -30.00    20.00  -360.00 01
  -20.00    20.00  -360.00 01
  -10.00    20.00  -360.00 01
    0.00    20.00  -360.00 02
   10.00    20.00  -360.00 02
   20.00    20.00  -360.00 02
   30.00    20.00  -360.00 02
   40.00    20.00  -360.00 02
   50.00    20.00  -360.00 02
   60.00    20.00  -360.00 02
   70.00    20.00  -360.00 02
   80.00    20.00  -360.00 02
   90.00    20.00  -360.00 02
  100.00    20.00  -360.00 02
 -100.00   -20.00  -350.00 01
  -90.00   -20.00  -350.00 01
  -80.00   -20.00  -350.00 01
  -70.00   -20.00  -350.00 01
  -60.00   -20.00  -350.00 01
  -50.00   -20.00  -350.00 01
  -40.00   -20.00  -350.00 01
  -30.00   -20.00  -350.00 01
  -20.00   -20.00  -350.00 01
  -10.00   -20.00  -350.00 01
    0.00   -20.00  -350.00 02
   10.00   -20.00  -350.00 02
   20.00   -20.00  -350.00 02
   30.00   -20.00  -350.00 02
   40.00   -20.00  -350.00 02
   50.00   -20.00  -350.00 02
   60.00   -20.00  -350.00 02
   70.00   -20.00  -350.00 02
   80.00   -20.00  -350.00 02
   90.00   -20.00  -350.00 02
  100.00   -20.00  -350.00 02
 -100.00   -10.00  -350.00 01
  -90.00   -10.00  -350.00 01
  -80.00   -10.00  -350.00 01
  -70.00   -10.00  -350.00 01
  -60.00   -10.00  -350.00 01
  -50.00   -10.00  -350.00 01
  -40.00   -10.00  -350.00 01
  -30.00   -10.00  -350.00 01
  -20.00   -10.00  -350.00 01
  -10.00   -10.00  -350.00 01
    0.00   -10.00  -350.00 02
   10.00   -10.00  -350.00 02
   20.00   -10.00  -350.00 02
   30.00   -10.00  -350.00 02
   40.00   -10.00  -350.00 02
   50.00   -10.00  -350.00 02
   60.00   -10.00  -350.00 02
   70.00   -10.00  -350.00 02
   80.00   -10.00  -350.00 02
   90.00   -10.00  -350.00 02
  100.00   -10.00  -350.00 02
 -100.00     0.00  -350.00 01
  -90.00     0.00  -350.00 01
  -80.00     0.00  -350.00 01
  -70.00     0.00  -350.00 01
  -60.00     0.00  -350.00 01
  -50.00     0.00  -350.00 01
  -40.00     0.00  -350.00 01
  -30.00     0.00  -350.00 01
  -20.00     0.00  -350.00 01
  -10.00     0.00  -350.00 01
    0.00     0.00  -350.00 02
   10.00     0.00  -350.00 02
   20.00     0.00  -350.00 02
   30.00     0.00  -350.00 02
   40.00     0.00  -350.00 02
   50.00     0.00  -350.00 02
   60.00     0.00  -350.00 02
   70.00     0.00  -350.00 02
   80.00     0.00  -350.00 02
   90.00     0.00  -350.00 02
  100.00     0.00  -350.00 02
 -100.00    10.00  -350.00 01
  -90.00    10.00  -350.00 01
  -80.00    10.00  -350.00 01
  -70.00    10.00  -350.00 01
  -60.00    10.00  -350.00 01
  -50.00    10.00  -350.00 01
  -40.00    10.00  -350.00 01
  -30.00    10.00  -350.00 01
  -20.00    10.00  -350.00 01
  -10.00    10.00  -350.00 01
    0.00    10.00  -350.00 02
   10.00    10.00  -350.00 02
   20.00    10.00  -350.00 02
   30.00    10.00  -350.00 02
   40.00    10.00  -350.00 02
   50.00    10.00  -350.00 02
   60.00    10.00  -350.00 02
   70.00    10.00  -350.00 02
   80.00    10.00  -350.00 02
   90.00    10.00  -350.00 02
  100.00    10.00  -350.00 02
 -100.00    20.00  -350.00 01
  -90.00    20.00  -350.00 01
  -80.00    20.00  -350.00 01
  -70.00    20.00  -350.00 01
  -60.00    20.00  -350.00 01
  -50.00    20.00  -350.00 01
  -40.00    20.00  -350.00 01
  -30.00    20.00  -350.00 01
  -20.00    20.00  -350.00 01
  -10.00    20.00  -350.00 01
    0.00    20.00  -350.00 02
   10.00    20.00  -350.00 02
   20.00    20.00  -350.00 02
   30.00    20.00  -350.00 02
   40.00    20.00  -350.00 02
   50.00    20.00  -350.00 02
   60.00    20.00  -350.00 02
   70.00    20.00  -350.00 02
   80.00    20.00  -350.00 02
   90.00    20.00  -350.00 02
  100.00    20.00  -350.00 02
 -100.00   -20.00  -340.00 01
  -90.00   -20.00  -340.00 01
  -80.00   -20.00  -340.00 01
  -70.00   -20.00  -340.00 01
  -60.00   -20.00  -340.00 01
  -50.00   -20.00  -340.00 01
  -40.00   -20.00  -340.00 01
  -30.00   -20.00  -340.00 01
  -20.00   -20.00  -340.00 01
  -10.00   -20.00  -340.00 01
    0.00   -20.00  -340.00 02
   10.00   -20.00  -340.00 02
   20.00   -20.00  -340.00 02
   30.00   -20.00  -340.00 02
   40.00   -20.00  -340.00 02
   50.00   -20.00  -340.00 02
   60.00   -20.00  -340.00 02
   70.00   -20.00  -340.00 02
   80.00   -20.00  -340.00 02
   90.00   -20.00  -340.00 02
  100.00   -20.00  -340.00 02
 -100.00   -10.00  -340.00 01
  -90.00   -10.00  -340.00 01
  -80.00   -10.00  -340.00 01
  -70.00   -10.00  -340.00 01
  -60.00   -10.00  -340.00 01
  -50.00   -10.00  -340.00 01
  -40.00   -10.00  -340.00 01
  -30.00   -10.00  -340.00 01
  -20.00   -10.00  -340.00 01
  -10.00   -10.00  -340.00 01
    0.00   -10.00  -340.00 02
   10.00   -10.00  -340.00 02
   20.00   -10.00  -340.00 02
   30.00   -10.00  -340.00 02
   40.00   -10.00  -340.00 02
   50.00   -10.00  -340.00 02
   60.00   -10.00  -340.00 02
   70.00   -10.00  -340.00 02
   80.00   -10.00  -340.00 02
   90.00   -10.00  -340.00 02
  100.00   -10.00  -340.00 02
 -100.00     0.00  -340.00 01
  -90.00     0.00  -340.00 01
  -80.00     0.00  -340.00 01
  -70.00     0.00  -340.00 01
  -60.00     0.00  -340.00 01
  -50.00     0.00  -340.00 01
  -40.00     0.00  -340.00 01
  -30.00     0.00  -340.00 01
  -20.00     0.00  -340.00 01
  -10.00     0.00  -340.00 01
    0.00     0.00  -340.00 02
   10.00     0.00  -340.00 02
   20.00     0.00  -340.00 02
   30.00     0.00  -340.00 02
   40.00     0.00  -340.00 02
   50.00     0.00  -340.00 02
   60.00     0.00  -340.00 02
   70.00     0.00  -340.00 02
   80.00     0.00  -340.00 02
   90.00     0.00  -340.00 02
  100.00     0.00  -340.00 02
 -100.00    10.00  -340.00 01
  -90.00    10.00  -340.00 01
  -80.00    10.00  -340.00 01
  -70.00    10.00  -340.00 01
  -60.00    10.00  -340.00 01
  -50.00    10.00  -340.00 01
  -40.00    10.00  -340.00 01
  -30.00    10.00  -340.00 01
  -20.00    10.00  -340.00 01
  -10.00    10.00  -340.00 01
    0.00    10.00  -340.00 02
   10.00    10.00  -340.00 02
   20.00    10.00  -340.00 02
   30.00    10.00  -340.00 02
   40.00    10.00  -340.00 02
   50.00    10.00  -340.00 02
   60.00    10.00  -340.00 02
   70.00    10.00  -340.00 02
   80.00    10.00  -340.00 02
   90.00    10.00  -340.00 02
  100.00    10.00  -340.00 02
 -100.00    20.00  -340.00 01
  -90.00    20.00  -340.00 01
  -80.00    20.00  -340.00 01
  -70.00    20.00  -340.00 01
  -60.00    20.00  -340.00 01
  -50.00    20.00  -340.00 01
  -40.00    20.00  -340.00 01
  -30.00    20.00  -340.00 01
  -20.00    20.00  -340.00 01
  -10.00    20.00  -340.00 01
    0.00    20.00  -340.00 02
   10.00    20.00  -340.00 02
   20.00    20.00  -340.00 02
   30.00    20.00  -340.00 02
   40.00    20.00  -340.00 02
   50.00    20.00  -340.00 02
   60.00    20.00  -340.00 02
   70.00    20.00  -340.00 02
   80.00    20.00  -340.00 02
   90.00    20.00  -340.00 02
  100.00    20.00  -340.00 02
 -100.00   -20.00  -330.00 01
  -90.00   -20.00  -330.00 01
  -80.00   -20.00  -330.00 01
  -70.00   -20.00  -330.00 01
  -60.00   -20.00  -330.00 01
  -50.00   -20.00  -330.00 01
  -40.00   -20.00  -330.00 01
  -30.00   -20.00  -330.00 01
  -20.00   -20.00  -330.00 01
  -10.00   -20.00  -330.00 01
    0.00   -20.00  -330.00 02
   10.00   -20.00  -330.00 02
   20.00   -20.00  -330.00 02
   30.00   -20.00  -330.00 02
   40.00   -20.00  -330.00 02
   50.00   -20.00  -330.00 02
   60.00   -20.00  -330.00 02
   70.00   -20.00  -330.00 02
   80.00   -20.00  -330.00 02
   90.00   -20.00  -330.00 02
  100.00   -20.00  -330.00 02
 -100.00   -10.00  -330.00 01
  -90.00   -10.00  -330.00 01
  -80.00   -10.00  -330.00 01
  -70.00   -10.00  -330.00 01
  -60.00   -10.00  -330.00 01
  -50.00   -10.00  -330.00 01
  -40.00   -10.00  -330.00 01
  -30.00   -10.00  -330.00 01
  -20.00   -10.00  -330.00 01
  -10.00   -10.00  -330.00 01
    0.00   -10.00  -330.00 02
   10.00   -10.00  -330.00 02
   20.00   -10.00  -330.00 02
   30.00   -10.00  -330.00 02
   40.00   -10.00  -330.00 02
   50.00   -10.00  -330.00 02
   60.00   -10.00  -330.00 02
   70.00   -10.00  -330.00 02
   80.00   -10.00  -330.00 02
   90.00   -10.00  -330.00 02
  100.00   -10.00  -330.00 02
 -100.00     0.00  -330.00 01
  -90.00     0.00  -330.00 01
  -80.00     0.00  -330.00 01
  -70.00     0.00  -330.00 01
  -60.00     0.00  -330.00 01
  -50.00     0.00  -330.00 01
  -40.00     0.00  -330.00 01
  -30.00     0.00  -330.00 01
  -20.00     0.00  -330.00 01
  -10.00     0.00  -330.00 01
    0.00     0.00  -330.00 02
   10.00     0.00  -330.00 02
   20.00     0.00  -330.00 02
   30.00     0.00  -330.00 02
   40.00     0.00  -330.00 02
   50.00     0.00  -330.00 02
   60.00     0.00  -330.00 02
   70.00     0.00  -330.00 02
   80.00     0.00  -330.00 02
   90.00     0.00  -330.00 02
  100.00     0.00  -330.00 02
 -100.00    10.00  -330.00 01
  -90.00    10.00  -330.00 01
  -80.00    10.00  -330.00 01
  -70.00    10.00  -330.00 01
  -60.00    10.00  -330.00 01
  -50.00    10.00  -330.00 01
  -40.00    10.00  -330.00 01
  -30.00    10.00  -330.00 01
  -20.00    10.00  -330.00 01
  -10.00    10.00  -330.00 01
    0.00    10.00  -330.00 02
   10.00    10.00  -330.00 02
   20.00    10.00  -330.00 02
   30.00    10.00  -330.00 02
   40.00    10.00  -330.00 02
   50.00    10.00  -330.00 02
   60.00    10.00  -330.00 02
   70.00    10.00  -330.00 02
   80.00    10.00  -330.00 02
   90.00    10.00  -330.00 02
  100.00    10.00  -330.00 02
 -100.00    20.00  -330.00 01
  -90.00    20.00  -330.00 01
  -80.00    20.00  -330.00 01
  -70.00    20.00  -330.00 01
  -60.00    20.00  -330.00 01
  -50.00    20.00  -330.00 01
  -40.00    20.00  -330.00 01
  -30.00    20.00  -330.00 01
  -20.00    20.00  -330.00 01
  -10.00    20.00  -330.00 01
    0.00    20.00  -330.00 02
   10.00    20.00  -330.00 02
   20.00    20.00  -330.00 02
   30.00    20.00  -330.00 02
   40.00    20.00  -330.00 02
   50.00    20.00  -330.00 02
   60.00    20.00  -330.00 02
   70.00    20.00  -330.00 02
   80.00    20.00  -330.00 02
   90.00    20.00  -330.00 02
  100.00    20.00  -330.00 02
 -100.00   -20.00  -320.00 01
  -90.00   -20.00  -320.00 01
  -80.00   -20.00  -320.00 01
  -70.00   -20.00  -320.00 01
  -60.00   -20.00  -320.00 01
  -50.00   -20.00  -320.00 01
  -40.00   -20.00  -320.00 01
  -30.00   -20.00  -320.00 01
  -20.00   -20.00  -320.00 01
  -10.00   -20.00  -320.00 01
    0.00   -20.00  -320.00 02
   10.00   -20.00  -320.00 02
   20.00   -20.00  -320.00 02
   30.00   -20.00  -320.00 02
   40.00   -20.00  -320.00 02
   50.00   -20.00  -320.00 02
   60.00   -20.00  -320.00 02
   70.00   -20.00  -320.00 02
   80.00   -20.00  -320.00 02
   90.00   -20.00  -320.00 02
  100.00   -20.00  -320.00 02
 -100.00   -10.00  -320.00 01
  -90.00   -10.00  -320.00 01
  -80.00   -10.00  -320.00 01
  -70.00   -10.00  -320.00 01
  -60.00   -10.00  -320.00 01
  -50.00   -10.00  -320.00 01
  -40.00   -10.00  -320.00 01
  -30.00   -10.00  -320.00 01
  -20.00   -10.00  -320.00 01
  -10.00   -10.00  -320.00 01
    0.00   -10.00  -320.00 02
   10.00   -10.00  -320.00 02
   20.00   -10.00  -320.00 02
   30.00   -10.00  -320.00 02
   40.00   -10.00  -320.00 02
   50.00   -10.00  -320.00 02
   60.00   -10.00  -320.00 02
   70.00   -10.00  -320.00 02
   80.00   -10.00  -320.00 02
   90.00   -10.00  -320.00 02
  100.00   -10.00  -320.00 02
 -100.00     0.00  -320.00 01
  -90.00     0.00  -320.00 01
  -80.00     0.00  -320.00 01
  -70.00     0.00  -320.00 01
  -60.00     0.00  -320.00 01
  -50.00     0.00  -320.00 01
  -40.00     0.00  -320.00 01
  -30.00     0.00  -320.00 01
  -20.00     0.00  -320.00 01
  -10.00     0.00  -320.00 01
    0.00     0.00  -320.00 02
   10.00     0.00  -320.00 02
   20.00     0.00  -320.00 02
   30.00     0.00  -320.00 02
   40.00     0.00  -320.00 02
   50.00     0.00  -320.00 02
   60.00     0.00  -320.00 02
   70.00     0.00  -320.00 02
   80.00     0.00  -320.00 02
   90.00     0.00  -320.00 02
  100.00     0.00  -320.00 02
 -100.00    10.00  -320.00 01
  -90.00    10.00  -320.00 01
  -80.00    10.00  -320.00 01
  -70.00    10.00  -320.00 01
  -60.00    10.00  -320.00 01
  -50.00    10.00  -320.00 01
  -40.00    10.00  -320.00 01
  -30.00    10.00  -320.00 01
  -20.00    10.00  -320.00 01
  -10.00    10.00  -320.00 01
    0.00    10.00  -320.00 02
   10.00    10.00  -320.00 02
   20.00    10.00  -320.00 02
   30.00    10.00  -320.00 02
   40.00    10.00  -320.00 02
   50.00    10.00  -320.00 02
   60.00    10.00  -320.00 02
   70.00    10.00  -320.00 02
   80.00    10.00  -320.00 02
   90.00    10.00  -320.00 02
  100.00    10.00  -320.00 02
 -100.00    20.00  -320.00 01
  -90.00    20.00  -320.00 01
  -80.00    20.00  -320.00 01
  -70.00    20.00  -320.00 01
  -60.00    20.00  -320.00 01
  -50.00    20.00  -320.00 01
  -40.00    20.00  -320.00 01
  -30.00    20.00  -320.00 01
  -20.00    20.00  -320.00 01
  -10.00    20.00  -320.00 01
    0.00    20.00  -320.00 02
   10.00    20.00  -320.00 02
   20.00    20.00  -320.00 02
   30.00    20.00  -320.00 02
   40.00    20.00  -320.00 02
   50.00    20.00  -320.00 02
   60.00    20.00  -320.00 02
   70.00    20.00  -320.00 02
   80.00    20.00  -320.00 02
   90.00    20.00  -320.00 02
  100.00    20.00  -320.00 02
 -100.00   -20.00  -310.00 01
  -90.00   -20.00  -310.00 01
  -80.00   -20.00  -310.00 01
  -70.00   -20.00  -310.00 01
  -60.00   -20.00  -310.00 01
  -50.00   -20.00  -310.00 01
  -40.00   -20.00  -310.00 01
  -30.00   -20.00  -310.00 01
  -20.00   -20.00  -310.00 01
  -10.00   -20.00  -310.00 01
    0.00   -20.00  -310.00 02
   10.00   -20.00  -310.00 02
   20.00   -20.00  -310.00 02
   30.00   -20.00  -310.00 02
   40.00   -20.00  -310.00 02
   50.00   -20.00  -310.00 02
   60.00   -20.00  -310.00 02
   70.00   -20.00  -310.00 02
   80.00   -20.00  -310.00 02
   90.00   -20.00  -310.00 02
  100.00   -20.00  -310.00 02
 -100.00   -10.00  -310.00 01
  -90.00   -10.00  -310.00 01
  -80.00   -10.00  -310.00 01
  -70.00   -10.00  -310.00 01
  -60.00   -10.00  -310.00 01
  -50.00   -10.00  -310.00 01
  -40.00   -10.00  -310.00 01
  -30.00   -10.00  -310.00 01
  -20.00   -10.00  -310.00 01
  -10.00   -10.00  -310.00 01
    0.00   -10.00  -310.00 02
   10.00   -10.00  -310.00 02
   20.00   -10.00  -310.00 02
   30.00   -10.00  -310.00 02
   40.00   -10.00  -310.00 02
   50.00   -10.00  -310.00 02
   60.00   -10.00  -310.00 02
   70.00   -10.00  -310.00 02
   80.00   -10.00  -310.00 02
   90.00   -10.00  -310.00 02
  100.00   -10.00  -310.00 02
 -100.00     0.00  -310.00 01
  -90.00     0.00  -310.00 01
  -80.00     0.00  -310.00 01
  -70.00     0.00  -310.00 01
  -60.00     0.00  -310.00 01
  -50.00     0.00  -310.00 01
  -40.00     0.00  -310.00 01
  -30.00     0.00  -310.00 01
  -20.00     0.00  -310.00 01
  -10.00     0.00  -310.00 01
    0.00     0.00  -310.00 02
   10.00     0.00  -310.00 02
   20.00     0.00  -310.00 02
   30.00     0.00  -310.00 02
   40.00     0.00  -310.00 02
   50.00     0.00  -310.00 02
   60.00     0.00  -310.00 02
   70.00     0.00  -310.00 02
   80.00     0.00  -310.00 02
   90.00     0.00  -310.00 02
  100.00     0.00  -310.00 02
 -100.00    10.00  -310.00 01
  -90.00    10.00  -310.00 01
  -80.00    10.00  -310.00 01
  -70.00    10.00  -310.00 01
  -60.00    10.00  -310.00 01
  -50.00    10.00  -310.00 01
  -40.00    10.00  -310.00 01
  -30.00    10.00  -310.00 01
  -20.00    10.00  -310.00 01
  -10.00    10.00  -310.00 01
    0.00    10.00  -310.00 02
   10.00    10.00  -310.00 02
   20.00    10.00  -310.00 02
   30.00    10.00  -310.00 02
   40.00    10.00  -310.00 02
   50.00    10.00  -310.00 02
   60.00    10.00  -310.00 02
   70.00    10.00  -310.00 02
   80.00    10.00  -310.00 02
   90.00    10.00  -310.00 02
  100.00    10.00  -310.00 02
 -100.00    20.00  -310.00 01
  -90.00    20.00  -310.00 01
  -80.00    20.00  -310.00 01
  -70.00    20.00  -310.00 01
  -60.00    20.00  -310.00 01
  -50.00    20.00  -310.00 01
  -40.00    20.00  -310.00 01
  -30.00    20.00  -310.00 01
  -20.00    20.00  -310.00 01
  -10.00    20.00  -310.00 01
    0.00    20.00  -310.00 02
   10.00    20.00  -310.00 02
   20.00    20.00  -310.00 02
   30.00    20.00  -310.00 02
   40.00    20.00  -310.00 02
   50.00    20.00  -310.00 02
   60.00    20.00  -310.00 02
   70.00    20.00  -310.00 02
   80.00    20.00  -310.00 02
   90.00    20.00  -310.00 02
  100.00    20.00  -310.00 02
 -100.00   -20.00  -300.00 01
  -90.00   -20.00  -300.00 01
  -80.00   -20.00  -300.00 01
  -70.00   -20.00  -300.00 01
  -60.00   -20.00  -300.00 01
  -50.00   -20.00  -300.00 01
  -40.00   -20.00  -300.00 01
  -30.00   -20.00  -300.00 01
  -20.00   -20.00  -300.00 01
  -10.00   -20.00  -300.00 01
    0.00   -20.00  -300.00 02
   10.00   -20.00  -300.00 02
   20.00   -20.00  -300.00 02
   30.00   -20.00  -300.00 02
   40.00   -20.00  -300.00 02
   50.00   -20.00  -300.00 02
   60.00   -20.00  -300.00 02
   70.00   -20.00  -300.00 02
   80.00   -20.00  -300.00 02
   90.00   -20.00  -300.00 02
  100.00   -20.00  -300.00 02
 -100.00   -10.00  -300.00 01
  -90.00   -10.00  -300.00 01
  -80.00   -10.00  -300.00 01
  -70.00   -10.00  -300.00 01
  -60.00   -10.00  -300.00 01
  -50.00   -10.00  -300.00 01
  -40.00   -10.00  -300.00 01
  -30.00   -10.00  -300.00 01
  -20.00   -10.00  -300.00 01
  -10.00   -10.00  -300.00 01
    0.00   -10.00  -300.00 02
   10.00   -10.00  -300.00 02
   20.00   -10.00  -300.00 02
   30.00   -10.00  -300.00 02
   40.00   -10.00  -300.00 02
   50.00   -10.00  -300.00 02
   60.00   -10.00  -300.00 02
   70.00   -10.00  -300.00 02
   80.00   -10.00  -300.00 02
   90.00   -10.00  -300.00 02
  100.00   -10.00  -300.00 02
 -100.00     0.00  -300.00 01
  -90.00     0.00  -300.00 01
  -80.00     0.00  -300.00 01
  -70.00     0.00  -300.00 01
  -60.00     0.00  -300.00 01
  -50.00     0.00  -300.00 01
  -40.00     0.00  -300.00 01
  -30.00     0.00  -300.00 01
  -20.00     0.00  -300.00 01
  -10.00     0.00  -300.00 01
    0.00     0.00  -300.00 02
   10.00     0.00  -300.00 02
   20.00     0.00  -300.00 02
   30.00     0.00  -300.00 02
   40.00     0.00  -300.00 02
   50.00     0.00  -300.00 02
   60.00     0.00  -300.00 02
   70.00     0.00  -300.00 02
   80.00     0.00  -300.00 02
   90.00     0.00  -300.00 02
  100.00     0.00  -300.00 02
 -100.00    10.00  -300.00 01
  -90.00    10.00  -300.00 01
  -80.00    10.00  -300.00 01
  -70.00    10.00  -300.00 01
  -60.00    10.00  -300.00 01
  -50.00    10.00  -300.00 01
  -40.00    10.00  -300.00 01
  -30.00    10.00  -300.00 01
  -20.00    10.00  -300.00 01
  -10.00    10.00  -300.00 01
    0.00    10.00  -300.00 02
   10.00    10.00  -300.00 02
   20.00    10.00  -300.00 02
   30.00    10.00  -300.00 02
   40.00    10.00  -300.00 02
   50.00    10.00  -300.00 02
   60.00    10.00  -300.00 02
   70.00    10.00  -300.00 02
   80.00    10.00  -300.00 02
   90.00    10.00  -300.00 02
  100.00    10.00  -300.00 02
 -100.00    20.00  -300.00 01
  -90.00    20.00  -300.00 01
  -80.00    20.00  -300.00 01
  -70.00    20.00  -300.00 01
  -60.00    20.00  -300.00 01
  -50.00    20.00  -300.00 01
  -40.00    20.00  -300.00 01
  -30.00    20.00  -300.00 01
  -20.00    20.00  -300.00 01
  -10.00    20.00  -300.00 01
    0.00    20.00  -300.00 02
   10.00    20.00  -300.00 02
   20.00    20.00  -300.00 02
   30.00    20.00  -300.00 02
   40.00    20.00  -300.00 02
   50.00    20.00  -300.00 02
   60.00    20.00  -300.00 02
   70.00    20.00  -300.00 02
   80.00    20.00  -300.00 02
   90.00    20.00  -300.00 02
  100.00    20.00  -300.00 02
 -100.00   -20.00  -290.00 01
  -90.00   -20.00  -290.00 01
  -80.00   -20.00  -290.00 01
  -70.00   -20.00  -290.00 01
  -60.00   -20.00  -290.00 01
  -50.00   -20.00  -290.00 01
  -40.00   -20.00  -290.00 01
  -30.00   -20.00  -290.00 01
  -20.00   -20.00  -290.00 01
  -10.00   -20.00  -290.00 01
    0.00   -20.00  -290.00 02
   10.00   -20.00  -290.00 02
   20.00   -20.00  -290.00 02
   30.00   -20.00  -290.00 02
   40.00   -20.00  -290.00 02
   50.00   -20.00  -290.00 02
   60.00   -20.00  -290.00 02
   70.00   -20.00  -290.00 02
   80.00   -20.00  -290.00 02
   90.00   -20.00  -290.00 02
  100.00   -20.00  -290.00 02
 -100.00   -10.00  -290.00 01
  -90.00   -10.00  -290.00 01
  -80.00   -10.00  -290.00 01
  -70.00   -10.00  -290.00 01
  -60.00   -10.00  -290.00 01
  -50.00   -10.00  -290.00 01
  -40.00   -10.00  -290.00 01
  -30.00   -10.00  -290.00 01
  -20.00   -10.00  -290.00 01
  -10.00   -10.00  -290.00 01
    0.00   -10.00  -290.00 02
   10.00   -10.00  -290.00 02
   20.00   -10.00  -290.00 02
   30.00   -10.00  -290.00 02
   40.00   -10.00  -290.00 02
   50.00   -10.00  -290.00 02
   60.00   -10.00  -290.00 02
   70.00   -10.00  -290.00 02
   80.00   -10.00  -290.00 02
   90.00   -10.00  -290.00 02
  100.00   -10.00  -290.00 02
 -100.00     0.00  -290.00 01
  -90.00     0.00  -290.00 01
  -80.00     0.00  -290.00 01
  -70.00     0.00  -290.00 01
  -60.00     0.00  -290.00 01
  -50.00     0.00  -290.00 01
  -40.00     0.00  -290.00 01
  -30.00     0.00  -290.00 01
  -20.00     0.00  -290.00 01
  -10.00     0.00  -290.00 01
    0.00     0.00  -290.00 02
   10.00     0.00  -290.00 02
   20.00     0.00  -290.00 02
   30.00     0.00  -290.00 02
   40.00     0.00  -290.00 02
   50.00     0.00  -290.00 02
   60.00     0.00  -290.00 02
   70.00     0.00  -290.00 02
   80.00     0.00  -290.00 02
   90.00     0.00  -290.00 02
  100.00     0.00  -290.00 02
 -100.00    10.00  -290.00 01
  -90.00    10.00  -290.00 01
  -80.00    10.00  -290.00 01
  -70.00    10.00  -290.00 01
  -60.00    10.00  -290.00 01
  -50.00    10.00  -290.00 01
  -40.00    10.00  -290.00 01
  -30.00    10.00  -290.00 01
  -20.00    10.00  -290.00 01
  -10.00    10.00  -290.00 01
    0.00    10.00  -290.00 02
   10.00    10.00  -290.00 02
   20.00    10.00  -290.00 02
   30.00    10.00  -290.00 02
   40.00    10.00  -290.00 02
   50.00    10.00  -290.00 02
   60.00    10.00  -290.00 02
   70.00    10.00  -290.00 02
   80.00    10.00  -290.00 02
   90.00    10.00  -290.00 02
  100.00    10.00  -290.00 02
 -100.00    20.00  -290.00 01
  -90.00    20.00  -290.00 01
  -80.00    20.00  -290.00 01
  -70.00    20.00  -290.00 01
  -60.00    20.00  -290.00 01
  -50.00    20.00  -290.00 01
  -40.00    20.00  -290.00 01
  -30.00    20.00  -290.00 01
  -20.00    20.00  -290.00 01
  -10.00    20.00  -290.00 01
    0.00    20.00  -290.00 02
   10.00    20.00  -290.00 02
   20.00    20.00  -290.00 02
   30.00    20.00  -290.00 02
   40.00    20.00  -290.00 02
   50.00    20.00  -290.00 02
   60.00    20.00  -290.00 02
   70.00    20.00  -290.00 02
   80.00    20.00  -290.00 02
   90.00    20.00  -290.00 02
  100.00    20.00  -290.00 02
 -100.00   -20.00  -280.00 01
  -90.00   -20.00  -280.00 01
  -80.00   -20.00  -280.00 01
  -70.00   -20.00  -280.00 01
  -60.00   -20.00  -280.00 01
  -50.00   -20.00  -280.00 01
  -40.00   -20.00  -280.00 01
  -30.00   -20.00  -280.00 01
  -20.00   -20.00  -280.00 01
  -10.00   -20.00  -280.00 01
    0.00   -20.00  -280.00 02
   10.00   -20.00  -280.00 02
   20.00   -20.00  -280.00 02
   30.00   -20.00  -280.00 02
   40.00   -20.00  -280.00 02
   50.00   -20.00  -280.00 02
   60.00   -20.00  -280.00 02
   70.00   -20.00  -280.00 02
   80.00   -20.00  -280.00 02
   90.00   -20.00  -280.00 02
  100.00   -20.00  -280.00 02
 -100.00   -10.00  -280.00 01
  -90.00   -10.00  -280.00 01
  -80.00   -10.00  -280.00 01
  -70.00   -10.00  -280.00 01
  -60.00   -10.00  -280.00 01
  -50.00   -10.00  -280.00 01
  -40.00   -10.00  -280.00 01
  -30.00   -10.00  -280.00 01
  -20.00   -10.00  -280.00 01
  -10.00   -10.00  -280.00 01
    0.00   -10.00  -280.00 02
   10.00   -10.00  -280.00 02
   20.00   -10.00  -280.00 02
   30.00   -10.00  -280.00 02
   40.00   -10.00  -280.00 02
   50.00   -10.00  -280.00 02
   60.00   -10.00  -280.00 02
   70.00   -10.00  -280.00 02
   80.00   -10.00  -280.00 02
   90.00   -10.00  -280.00 02
  100.00   -10.00  -280.00 02
 -100.00     0.00  -280.00 01
  -90.00     0.00  -280.00 01
  -80.00     0.00  -280.00 01
  -70.00     0.00  -280.00 01
  -60.00     0.00  -280.00 01
  -50.00     0.00  -280.00 01
  -40.00     0.00  -280.00 01
  -30.00     0.00  -280.00 01
  -20.00     0.00  -280.00 01
  -10.00     0.00  -280.00 01
    0.00     0.00  -280.00 02
   10.00     0.00  -280.00 02
   20.00     0.00  -280.00 02
   30.00     0.00  -280.00 02
   40.00     0.00  -280.00 02
   50.00     0.00  -280.00 02
   60.00     0.00  -280.00 02
   70.00     0.00  -280.00 02
   80.00     0.00  -280.00 02
   90.00     0.00  -280.00 02
  100.00     0.00  -280.00 02
 -100.00    10.00  -280.00 01
  -90.00    10.00  -280.00 01
  -80.00    10.00  -280.00 01
  -70.00    10.00  -280.00 01
  -60.00    10.00  -280.00 01
  -50.00    10.00  -280.00 01
  -40.00    10.00  -280.00 01
  -30.00    10.00  -280.00 01
  -20.00    10.00  -280.00 01
  -10.00    10.00  -280.00 01
    0.00    10.00  -280.00 02
   10.00    10.00  -280.00 02
   20.00    10.00  -280.00 02
   30.00    10.00  -280.00 02
   40.00    10.00  -280.00 02
   50.00    10.00  -280.00 02
   60.00    10.00  -280.00 02
   70.00    10.00  -280.00 02
   80.00    10.00  -280.00 02
   90.00    10.00  -280.00 02
  100.00    10.00  -280.00 02
 -100.00    20.00  -280.00 01
  -90.00    20.00  -280.00 01
  -80.00    20.00  -280.00 01
  -70.00    20.00  -280.00 01
  -60.00    20.00  -280.00 01
  -50.00    20.00  -280.00 01
  -40.00    20.00  -280.00 01
  -30.00    20.00  -280.00 01
  -20.00    20.00  -280.00 01
  -10.00    20.00  -280.00 01
    0.00    20.00  -280.00 02
   10.00    20.00  -280.00 02
   20.00    20.00  -280.00 02
   30.00    20.00  -280.00 02
   40.00    20.00  -280.00 02
   50.00    20.00  -280.00 02
   60.00    20.00  -280.00 02
   70.00    20.00  -280.00 02
   80.00    20.00  -280.00 02
   90.00    20.00  -280.00 02
  100.00    20.00  -280.00 02
 -100.00   -20.00  -270.00 01
  -90.00   -20.00  -270.00 01
  -80.00   -20.00  -270.00 01
  -70.00   -20.00  -270.00 01
  -60.00   -20.00  -270.00 01
  -50.00   -20.00  -270.00 01
  -40.00   -20.00  -270.00 01
  -30.00   -20.00  -270.00 01
  -20.00   -20.00  -270.00 01
  -10.00   -20.00  -270.00 01
    0.00   -20.00  -270.00 02
   10.00   -20.00  -270.00 02
   20.00   -20.00  -270.00 02
   30.00   -20.00  -270.00 02
   40.00   -20.00  -270.00 02
   50.00   -20.00  -270.00 02
   60.00   -20.00  -270.00 02
   70.00   -20.00  -270.00 02
   80.00   -20.00  -270.00 02
   90.00   -20.00  -270.00 02
  100.00   -20.00  -270.00 02
 -100.00   -10.00  -270.00 01
  -90.00   -10.00  -270.00 01
  -80.00   -10.00  -270.00 01
  -70.00   -10.00  -270.00 01
  -60.00   -10.00  -270.00 01
  -50.00   -10.00  -270.00 01
  -40.00   -10.00  -270.00 01
  -30.00   -10.00  -270.00 01
  -20.00   -10.00  -270.00 01
  -10.00   -10.00  -270.00 01
    0.00   -10.00  -270.00 02
   10.00   -10.00  -270.00 02
   20.00   -10.00  -270.00 02
   30.00   -10.00  -270.00 02
   40.00   -10.00  -270.00 02
   50.00   -10.00  -270.00 02
   60.00   -10.00  -270.00 02
   70.00   -10.00  -270.00 02
   80.00   -10.00  -270.00 02
   90.00   -10.00  -270.00 02
  100.00   -10.00  -270.00 02
 -100.00     0.00  -270.00 01
  -90.00     0.00  -270.00 01
  -80.00     0.00  -270.00 01
  -70.00     0.00  -270.00 01
  -60.00     0.00  -270.00 01
  -50.00     0.00  -270.00 01
  -40.00     0.00  -270.00 01
  -30.00     0.00  -270.00 01
  -20.00     0.00  -270.00 01
  -10.00     0.00  -270.00 01
    0.00     0.00  -270.00 02
   10.00     0.00  -270.00 02
   20.00     0.00  -270.00 02
   30.00     0.00  -270.00 02
   40.00     0.00  -270.00 02
   50.00     0.00  -270.00 02
   60.00     0.00  -270.00 02
   70.00     0.00  -270.00 02
   80.00     0.00  -270.00 02
   90.00     0.00  -270.00 02
  100.00     0.00  -270.00 02
 -100.00    10.00  -270.00 01
  -90.00    10.00  -270.00 01
  -80.00    10.00  -270.00 01
  -70.00    10.00  -270.00 01
  -60.00    10.00  -270.00 01
  -50.00    10.00  -270.00 01
  -40.00    10.00  -270.00 01
  -30.00    10.00  -270.00 01
  -20.00    10.00  -270.00 01
  -10.00    10.00  -270.00 01
    0.00    10.00  -270.00 02
   10.00    10.00  -270.00 02
   20.00    10.00  -270.00 02
   30.00    10.00  -270.00 02
   40.00    10.00  -270.00 02
   50.00    10.00  -270.00 02
   60.00    10.00  -270.00 02
   70.00    10.00  -270.00 02
   80.00    10.00  -270.00 02
   90.00    10.00  -270.00 02
  100.00    10.00  -270.00 02
 -100.00    20.00  -270.00 01
  -90.00    20.00  -270.00 01
  -80.00    20.00  -270.00 01
  -70.00    20.00  -270.00 01
  -60.00    20.00  -270.00 01
  -50.00    20.00  -270.00 01
  -40.00    20.00  -270.00 01
  -30.00    20.00  -270.00 01
  -20.00    20.00  -270.00 01
  -10.00    20.00  -270.00 01
    0.00    20.00  -270.00 02
   10.00    20.00  -270.00 02
   20.00    20.00  -270.00 02
   30.00    20.00  -270.00 02
   40.00    20.00  -270.00 02
   50.00    20.00  -270.00 02
   60.00    20.00  -270.00 02
   70.00    20.00  -270.00 02
   80.00    20.00  -270.00 02
   90.00    20.00  -270.00 02
  100.00    20.00  -270.00 02
 -100.00   -20.00  -260.00 01
  -90.00   -20.00  -260.00 01
  -80.00   -20.00  -260.00 01
  -70.00   -20.00  -260.00 01
  -60.00   -20.00  -260.00 01
  -50.00   -20.00  -260.00 01
  -40.00   -20.00  -260.00 01
  -30.00   -20.00  -260.00 01
  -20.00   -20.00  -260.00 01
  -10.00   -20.00  -260.00 01
    0.00   -20.00  -260.00 02
   10.00   -20.00  -260.00 02
   20.00   -20.00  -260.00 02
   30.00   -20.00  -260.00 02
   40.00   -20.00  -260.00 02
   50.00   -20.00  -260.00 02
   60.00   -20.00  -260.00 02
   70.00   -20.00  -260.00 02
   80.00   -20.00  -260.00 02
   90.00   -20.00  -260.00 02
  100.00   -20.00  -260.00 02
 -100.00   -10.00  -260.00 01
  -90.00   -10.00  -260.00 01
  -80.00   -10.00  -260.00 01
  -70.00   -10.00  -260.00 01
  -60.00   -10.00  -260.00 01
  -50.00   -10.00  -260.00 01
  -40.00   -10.00  -260.00 01
  -30.00   -10.00  -260.00 01
  -20.00   -10.00  -260.00 01
  -10.00   -10.00  -260.00 01
    0.00   -10.00  -260.00 02
   10.00   -10.00  -260.00 02
   20.00   -10.00  -260.00 02
   30.00   -10.00  -260.00 02
   40.00   -10.00  -260.00 02
   50.00   -10.00  -260.00 02
   60.00   -10.00  -260.00 02
   70.00   -10.00  -260.00 02
   80.00   -10.00  -260.00 02
   90.00   -10.00  -260.00 02
  100.00   -10.00  -260.00 02
 -100.00     0.00  -260.00 01
  -90.00     0.00  -260.00 01
  -80.00     0.00  -260.00 01
  -70.00     0.00  -260.00 01
  -60.00     0.00  -260.00 01
  -50.00     0.00  -260.00 01
  -40.00     0.00  -260.00 01
  -30.00     0.00  -260.00 01
  -20.00     0.00  -260.00 01
  -10.00     0.00  -260.00 01
    0.00     0.00  -260.00 02
   10.00     0.00  -260.00 02
   20.00     0.00  -260.00 02
   30.00     0.00  -260.00 02
   40.00     0.00  -260.00 02
   50.00     0.00  -260.00 02
   60.00     0.00  -260.00 02
   70.00     0.00  -260.00 02
   80.00     0.00  -260.00 02
   90.00     0.00  -260.00 02
  100.00     0.00  -260.00 02
 -100.00    10.00  -260.00 01
  -90.00    10.00  -260.00 01
  -80.00    10.00  -260.00 01
  -70.00    10.00  -260.00 01
  -60.00    10.00  -260.00 01
  -50.00    10.00  -260.00 01
  -40.00    10.00  -260.00 01
  -30.00    10.00  -260.00 01
  -20.00    10.00  -260.00 01
  -10.00    10.00  -260.00 01
    0.00    10.00  -260.00 02
   10.00    10.00  -260.00 02
   20.00    10.00  -260.00 02
   30.00    10.00  -260.00 02
   40.00    10.00  -260.00 02
   50.00    10.00  -260.00 02
   60.00    10.00  -260.00 02
   70.00    10.00  -260.00 02
   80.00    10.00  -260.00 02
   90.00    10.00  -260.00 02
  100.00    10.00  -260.00 02
 -100.00    20.00  -260.00 01
  -90.00    20.00  -260.00 01
  -80.00    20.00  -260.00 01
  -70.00    20.00  -260.00 01
  -60.00    20.00  -260.00 01
  -50.00    20.00  -260.00 01
  -40.00    20.00  -260.00 01
  -30.00    20.00  -260.00 01
  -20.00    20.00  -260.00 01
  -10.00    20.00  -260.00 01
    0.00    20.00  -260.00 02
   10.00    20.00  -260.00 02
   20.00    20.00  -260.00 02
   30.00    20.00  -260.00 02
   40.00    20.00  -260.00 02
   50.00    20.00  -260.00 02
   60.00    20.00  -260.00 02
   70.00    20.00  -260.00 02
   80.00    20.00  -260.00 02
   90.00    20.00  -260.00 02
  100.00    20.00  -260.00 02
 -100.00   -20.00  -250.00 01
  -90.00   -20.00  -250.00 01
  -80.00   -20.00  -250.00 01
  -70.00   -20.00  -250.00 01
  -60.00   -20.00  -250.00 01
  -50.00   -20.00  -250.00 01
  -40.00   -20.00  -250.00 01
  -30.00   -20.00  -250.00 01
  -20.00   -20.00  -250.00 01
  -10.00   -20.00  -250.00 01
    0.00   -20.00  -250.00 02
   10.00   -20.00  -250.00 02
   20.00   -20.00  -250.00 02
   30.00   -20.00  -250.00 02
   40.00   -20.00  -250.00 02
   50.00   -20.00  -250.00 02
   60.00   -20.00  -250.00 02
   70.00   -20.00  -250.00 02
   80.00   -20.00  -250.00 02
   90.00   -20.00  -250.00 02
  100.00   -20.00  -250.00 02
 -100.00   -10.00  -250.00 01
  -90.00   -10.00  -250.00 01
  -80.00   -10.00  -250.00 01
  -70.00   -10.00  -250.00 01
  -60.00   -10.00  -250.00 01
  -50.00   -10.00  -250.00 01
  -40.00   -10.00  -250.00 01
  -30.00   -10.00  -250.00 01
  -20.00   -10.00  -250.00 01
  -10.00   -10.00  -250.00 01
    0.00   -10.00  -250.00 02
   10.00   -10.00  -250.00 02
   20.00   -10.00  -250.00 02
   30.00   -10.00  -250.00 02
   40.00   -10.00  -250.00 02
   50.00   -10.00  -250.00 02
   60.00   -10.00  -250.00 02
   70.00   -10.00  -250.00 02
   80.00   -10.00  -250.00 02
   90.00   -10.00  -250.00 02
  100.00   -10.00  -250.00 02
 -100.00     0.00  -250.00 01
  -90.00     0.00  -250.00 01
  -80.00     0.00  -250.00 01
  -70.00     0.00  -250.00 01
  -60.00     0.00  -250.00 01
  -50.00     0.00  -250.00 01
  -40.00     0.00  -250.00 01
  -30.00     0.00  -250.00 01
  -20.00     0.00  -250.00 01
  -10.00     0.00  -250.00 01
    0.00     0.00  -250.00 02
   10.00     0.00  -250.00 02
   20.00     0.00  -250.00 02
   30.00     0.00  -250.00 02
   40.00     0.00  -250.00 02
   50.00     0.00  -250.00 02
   60.00     0.00  -250.00 02
   70.00     0.00  -250.00 02
   80.00     0.00  -250.00 02
   90.00     0.00  -250.00 02
  100.00     0.00  -250.00 02
 -100.00    10.00  -250.00 01
  -90.00    10.00  -250.00 01
  -80.00    10.00  -250.00 01
  -70.00    10.00  -250.00 01
  -60.00    10.00  -250.00 01
  -50.00    10.00  -250.00 01
  -40.00    10.00  -250.00 01
  -30.00    10.00  -250.00 01
  -20.00    10.00  -250.00 01
  -10.00    10.00  -250.00 01
    0.00    10.00  -250.00 02
   10.00    10.00  -250.00 02
   20.00    10.00  -250.00 02
   30.00    10.00  -250.00 02
   40.00    10.00  -250.00 02
   50.00    10.00  -250.00 02
   60.00    10.00  -250.00 02
   70.00    10.00  -250.00 02
   80.00    10.00  -250.00 02
   90.00    10.00  -250.00 02
  100.00    10.00  -250.00 02
 -100.00    20.00  -250.00 01
  -90.00    20.00  -250.00 01
  -80.00    20.00  -250.00 01
  -70.00    20.00  -250.00 01
  -60.00    20.00  -250.00 01
  -50.00    20.00  -250.00 01
  -40.00    20.00  -250.00 01
  -30.00    20.00  -250.00 01
  -20.00    20.00  -250.00 01
  -10.00    20.00  -250.00 01
    0.00    20.00  -250.00 02
   10.00    20.00  -250.00 02
   20.00    20.00  -250.00 02
   30.00    20.00  -250.00 02
   40.00    20.00  -250.00 02
   50.00    20.00  -250.00 02
   60.00    20.00  -250.00 02
   70.00    20.00  -250.00 02
   80.00    20.00  -250.00 02
   90.00    20.00  -250.00 02
  100.00    20.00  -250.00 02
 -100.00   -20.00  -240.00 01
  -90.00   -20.00  -240.00 01
  -80.00   -20.00  -240.00 01
  -70.00   -20.00  -240.00 01
  -60.00   -20.00  -240.00 01
  -50.00   -20.00  -240.00 01
  -40.00   -20.00  -240.00 01
  -30.00   -20.00  -240.00 01
  -20.00   -20.00  -240.00 01
  -10.00   -20.00  -240.00 01
    0.00   -20.00  -240.00 02
   10.00   -20.00  -240.00 02
   20.00   -20.00  -240.00 02
   30.00   -20.00  -240.00 02
   40.00   -20.00  -240.00 02
   50.00   -20.00  -240.00 02
   60.00   -20.00  -240.00 02
   70.00   -20.00  -240.00 02
   80.00   -20.00  -240.00 02
   90.00   -20.00  -240.00 02
  100.00   -20.00  -240.00 02
 -100.00   -10.00  -240.00 01
  -90.00   -10.00  -240.00 01
  -80.00   -10.00  -240.00 01
  -70.00   -10.00  -240.00 01
  -60.00   -10.00  -240.00 01
  -50.00   -10.00  -240.00 01
  -40.00   -10.00  -240.00 01
  -30.00   -10.00  -240.00 01
  -20.00   -10.00  -240.00 01
  -10.00   -10.00  -240.00 01
    0.00   -10.00  -240.00 02
   10.00   -10.00  -240.00 02
   20.00   -10.00  -240.00 02
   30.00   -10.00  -240.00 02
   40.00   -10.00  -240.00 02
   50.00   -10.00  -240.00 02
   60.00   -10.00  -240.00 02
   70.00   -10.00  -240.00 02
   80.00   -10.00  -240.00 02
   90.00   -10.00  -240.00 02
  100.00   -10.00  -240.00 02
 -100.00     0.00  -240.00 01
  -90.00     0.00  -240.00 01
  -80.00     0.00  -240.00 01
  -70.00     0.00  -240.00 01
  -60.00     0.00  -240.00 01
  -50.00     0.00  -240.00 01
  -40.00     0.00  -240.00 01
  -30.00     0.00  -240.00 01
  -20.00     0.00  -240.00 01
  -10.00     0.00  -240.00 01
    0.00     0.00  -240.00 02
   10.00     0.00  -240.00 02
   20.00     0.00  -240.00 02
   30.00     0.00  -240.00 02
   40.00     0.00  -240.00 02
   50.00     0.00  -240.00 02
   60.00     0.00  -240.00 02
   70.00     0.00  -240.00 02
   80.00     0.00  -240.00 02
   90.00     0.00  -240.00 02
  100.00     0.00  -240.00 02
 -100.00    10.00  -240.00 01
  -90.00    10.00  -240.00 01
  -80.00    10.00  -240.00 01
  -70.00    10.00  -240.00 01
  -60.00    10.00  -240.00 01
  -50.00    10.00  -240.00 01
  -40.00    10.00  -240.00 01
  -30.00    10.00  -240.00 01
  -20.00    10.00  -240.00 01
  -10.00    10.00  -240.00 01
    0.00    10.00  -240.00 02
   10.00    10.00  -240.00 02
   20.00    10.00  -240.00 02
   30.00    10.00  -240.00 02
   40.00    10.00  -240.00 02
   50.00    10.00  -240.00 02
   60.00    10.00  -240.00 02
   70.00    10.00  -240.00 02
   80.00    10.00  -240.00 02
   90.00    10.00  -240.00 02
  100.00    10.00  -240.00 02
 -100.00    20.00  -240.00 01
  -90.00    20.00  -240.00 01
  -80.00    20.00  -240.00 01
  -70.00    20.00  -240.00 01
  -60.00    20.00  -240.00 01
  -50.00    20.00  -240.00 01
  -40.00    20.00  -240.00 01
  -30.00    20.00  -240.00 01
  -20.00    20.00  -240.00 01
  -10.00    20.00  -240.00 01
    0.00    20.00  -240.00 02
   10.00    20.00  -240.00 02
   20.00    20.00  -240.00 02
   30.00    20.00  -240.00 02
   40.00    20.00  -240.00 02
   50.00    20.00  -240.00 02
   60.00    20.00  -240.00 02
   70.00    20.00  -240.00 02
   80.00    20.00  -240.00 02
   90.00    20.00  -240.00 02
  100.00    20.00  -240.00 02
 -100.00   -20.00  -230.00 01
  -90.00   -20.00  -230.00 01
  -80.00   -20.00  -230.00 01
  -70.00   -20.00  -230.00 01
  -60.00   -20.00  -230.00 01
  -50.00   -20.00  -230.00 01
  -40.00   -20.00  -230.00 01
  -30.00   -20.00  -230.00 01
  -20.00   -20.00  -230.00 01
  -10.00   -20.00  -230.00 01
    0.00   -20.00  -230.00 02
   10.00   -20.00  -230.00 02
   20.00   -20.00  -230.00 02
   30.00   -20.00  -230.00 02
   40.00   -20.00  -230.00 02
   50.00   -20.00  -230.00 02
   60.00   -20.00  -230.00 02
   70.00   -20.00  -230.00 02
   80.00   -20.00  -230.00 02
   90.00   -20.00  -230.00 02
  100.00   -20.00  -230.00 02
 -100.00   -10.00  -230.00 01
  -90.00   -10.00  -230.00 01
  -80.00   -10.00  -230.00 01
  -70.00   -10.00  -230.00 01
  -60.00   -10.00  -230.00 01
  -50.00   -10.00  -230.00 01
  -40.00   -10.00  -230.00 01
  -30.00   -10.00  -230.00 01
  -20.00   -10.00  -230.00 01
  -10.00   -10.00  -230.00 01
    0.00   -10.00  -230.00 02
   10.00   -10.00  -230.00 02
   20.00   -10.00  -230.00 02
   30.00   -10.00  -230.00 02
   40.00   -10.00  -230.00 02
   50.00   -10.00  -230.00 02
   60.00   -10.00  -230.00 02
   70.00   -10.00  -230.00 02
   80.00   -10.00  -230.00 02
   90.00   -10.00  -230.00 02
  100.00   -10.00  -230.00 02
 -100.00     0.00  -230.00 01
  -90.00     0.00  -230.00 01
  -80.00     0.00  -230.00 01
  -70.00     0.00  -230.00 01
  -60.00     0.00  -230.00 01
  -50.00     0.00  -230.00 01
  -40.00     0.00  -230.00 01
  -30.00     0.00  -230.00 01
  -20.00     0.00  -230.00 01
  -10.00     0.00  -230.00 01
    0.00     0.00  -230.00 02
   10.00     0.00  -230.00 02
   20.00     0.00  -230.00 02
   30.00     0.00  -230.00 02
   40.00     0.00  -230.00 02
   50.00     0.00  -230.00 02
   60.00     0.00  -230.00 02
   70.00     0.00  -230.00 02
   80.00     0.00  -230.00 02
   90.00     0.00  -230.00 02
  100.00     0.00  -230.00 02
 -100.00    10.00  -230.00 01
  -90.00    10.00  -230.00 01
  -80.00    10.00  -230.00 01
  -70.00    10.00  -230.00 01
  -60.00    10.00  -230.00 01
  -50.00    10.00  -230.00 01
  -40.00    10.00  -230.00 01
  -30.00    10.00  -230.00 01
  -20.00    10.00  -230.00 01
  -10.00    10.00  -230.00 01
    0.00    10.00  -230.00 02
   10.00    10.00  -230.00 02
   20.00    10.00  -230.00 02
   30.00    10.00  -230.00 02
   40.00    10.00  -230.00 02
   50.00    10.00  -230.00 02
   60.00    10.00  -230.00 02
   70.00    10.00  -230.00 02
   80.00    10.00  -230.00 02
   90.00    10.00  -230.00 02
  100.00    10.00  -230.00 02
 -100.00    20.00  -230.00 01
  -90.00    20.00  -230.00 01
  -80.00    20.00  -230.00 01
  -70.00    20.00  -230.00 01
  -60.00    20.00  -230.00 01
  -50.00    20.00  -230.00 01
  -40.00    20.00  -230.00 01
  -30.00    20.00  -230.00 01
  -20.00    20.00  -230.00 01
  -10.00    20.00  -230.00 01
    0.00    20.00  -230.00 02
   10.00    20.00  -230.00 02
   20.00    20.00  -230.00 02
   30.00    20.00  -230.00 02
   40.00    20.00  -230.00 02
   50.00    20.00  -230.00 02
   60.00    20.00  -230.00 02
   70.00    20.00  -230.00 02
   80.00    20.00  -230.00 02
   90.00    20.00  -230.00 02
  100.00    20.00  -230.00 02
 -100.00   -20.00  -220.00 01
  -90.00   -20.00  -220.00 01
  -80.00   -20.00  -220.00 01
  -70.00   -20.00  -220.00 01
  -60.00   -20.00  -220.00 01
  -50.00   -20.00  -220.00 01
  -40.00   -20.00  -220.00 01
  -30.00   -20.00  -220.00 01
  -20.00   -20.00  -220.00 01
  -10.00   -20.00  -220.00 01
    0.00   -20.00  -220.00 02
   10.00   -20.00  -220.00 02
   20.00   -20.00  -220.00 02
   30.00   -20.00  -220.00 02
   40.00   -20.00  -220.00 02
   50.00   -20.00  -220.00 02
   60.00   -20.00  -220.00 02
   70.00   -20.00  -220.00 02
   80.00   -20.00  -220.00 02
   90.00   -20.00  -220.00 02
  100.00   -20.00  -220.00 02
 -100.00   -10.00  -220.00 01
  -90.00   -10.00  -220.00 01
  -80.00   -10.00  -220.00 01
  -70.00   -10.00  -220.00 01
  -60.00   -10.00  -220.00 01
  -50.00   -10.00  -220.00 01
  -40.00   -10.00  -220.00 01
  -30.00   -10.00  -220.00 01
  -20.00   -10.00  -220.00 01
  -10.00   -10.00  -220.00 01
    0.00   -10.00  -220.00 02
   10.00   -10.00  -220.00 02
   20.00   -10.00  -220.00 02
   30.00   -10.00  -220.00 02
   40.00   -10.00  -220.00 02
   50.00   -10.00  -220.00 02
   60.00   -10.00  -220.00 02
   70.00   -10.00  -220.00 02
   80.00   -10.00  -220.00 02
   90.00   -10.00  -220.00 02
  100.00   -10.00  -220.00 02
 -100.00     0.00  -220.00 01
  -90.00     0.00  -220.00 01
  -80.00     0.00  -220.00 01
  -70.00     0.00  -220.00 01
  -60.00     0.00  -220.00 01
  -50.00     0.00  -220.00 01
  -40.00     0.00  -220.00 01
  -30.00     0.00  -220.00 01
  -20.00     0.00  -220.00 01
  -10.00     0.00  -220.00 01
    0.00     0.00  -220.00 02
   10.00     0.00  -220.00 02
   20.00     0.00  -220.00 02
   30.00     0.00  -220.00 02
   40.00     0.00  -220.00 02
   50.00     0.00  -220.00 02
   60.00     0.00  -220.00 02
   70.00     0.00  -220.00 02
   80.00     0.00  -220.00 02
   90.00     0.00  -220.00 02
  100.00     0.00  -220.00 02
 -100.00    10.00  -220.00 01
  -90.00    10.00  -220.00 01
  -80.00    10.00  -220.00 01
  -70.00    10.00  -220.00 01
  -60.00    10.00  -220.00 01
  -50.00    10.00  -220.00 01
  -40.00    10.00  -220.00 01
  -30.00    10.00  -220.00 01
  -20.00    10.00  -220.00 01
  -10.00    10.00  -220.00 01
    0.00    10.00  -220.00 02
   10.00    10.00  -220.00 02
   20.00    10.00  -220.00 02
   30.00    10.00  -220.00 02
   40.00    10.00  -220.00 02
   50.00    10.00  -220.00 02
   60.00    10.00  -220.00 02
   70.00    10.00  -220.00 02
   80.00    10.00  -220.00 02
   90.00    10.00  -220.00 02
  100.00    10.00  -220.00 02
 -100.00    20.00  -220.00 01
  -90.00    20.00  -220.00 01
  -80.00    20.00  -220.00 01
  -70.00    20.00  -220.00 01
  -60.00    20.00  -220.00 01
  -50.00    20.00  -220.00 01
  -40.00    20.00  -220.00 01
  -30.00    20.00  -220.00 01
  -20.00    20.00  -220.00 01
  -10.00    20.00  -220.00 01
    0.00    20.00  -220.00 02
   10.00    20.00  -220.00 02
   20.00    20.00  -220.00 02
   30.00    20.00  -220.00 02
   40.00    20.00  -220.00 02
   50.00    20.00  -220.00 02
   60.00    20.00  -220.00 02
   70.00    20.00  -220.00 02
   80.00    20.00  -220.00 02
   90.00    20.00  -220.00 02
  100.00    20.00  -220.00 02
 -100.00   -20.00  -210.00 01
  -90.00   -20.00  -210.00 01
  -80.00   -20.00  -210.00 01
  -70.00   -20.00  -210.00 01
  -60.00   -20.00  -210.00 01
  -50.00   -20.00  -210.00 01
  -40.00   -20.00  -210.00 01
  -30.00   -20.00  -210.00 01
  -20.00   -20.00  -210.00 01
  -10.00   -20.00  -210.00 01
    0.00   -20.00  -210.00 02
   10.00   -20.00  -210.00 02
   20.00   -20.00  -210.00 02
   30.00   -20.00  -210.00 02
   40.00   -20.00  -210.00 02
   50.00   -20.00  -210.00 02
   60.00   -20.00  -210.00 02
   70.00   -20.00  -210.00 02
   80.00   -20.00  -210.00 02
   90.00   -20.00  -210.00 02
  100.00   -20.00  -210.00 02
 -100.00   -10.00  -210.00 01
  -90.00   -10.00  -210.00 01
  -80.00   -10.00  -210.00 01
  -70.00   -10.00  -210.00 01
  -60.00   -10.00  -210.00 01
  -50.00   -10.00  -210.00 01
  -40.00   -10.00  -210.00 01
  -30.00   -10.00  -210.00 01
  -20.00   -10.00  -210.00 01
  -10.00   -10.00  -210.00 01
    0.00   -10.00  -210.00 02
   10.00   -10.00  -210.00 02
   20.00   -10.00  -210.00 02
   30.00   -10.00  -210.00 02
   40.00   -10.00  -210.00 02
   50.00   -10.00  -210.00 02
   60.00   -10.00  -210.00 02
   70.00   -10.00  -210.00 02
   80.00   -10.00  -210.00 02
   90.00   -10.00  -210.00 02
  100.00   -10.00  -210.00 02
 -100.00     0.00  -210.00 01
  -90.00     0.00  -210.00 01
  -80.00     0.00  -210.00 01
  -70.00     0.00  -210.00 01
  -60.00     0.00  -210.00 01
  -50.00     0.00  -210.00 01
  -40.00     0.00  -210.00 01
  -30.00     0.00  -210.00 01
  -20.00     0.00  -210.00 01
  -10.00     0.00  -210.00 01
    0.00     0.00  -210.00 02
   10.00     0.00  -210.00 02
   20.00     0.00  -210.00 02
   30.00     0.00  -210.00 02
   40.00     0.00  -210.00 02
   50.00     0.00  -210.00 02
   60.00     0.00  -210.00 02
   70.00     0.00  -210.00 02
   80.00     0.00  -210.00 02
   90.00     0.00  -210.00 02
  100.00     0.00  -210.00 02
 -100.00    10.00  -210.00 01
  -90.00    10.00  -210.00 01
  -80.00    10.00  -210.00 01
  -70.00    10.00  -210.00 01
  -60.00    10.00  -210.00 01
  -50.00    10.00  -210.00 01
  -40.00    10.00  -210.00 01
  -30.00    10.00  -210.00 01
  -20.00    10.00  -210.00 01
  -10.00    10.00  -210.00 01
    0.00    10.00  -210.00 02
   10.00    10.00  -210.00 02
   20.00    10.00  -210.00 02
   30.00    10.00  -210.00 02
   40.00    10.00  -210.00 02
   50.00    10.00  -210.00 02
   60.00    10.00  -210.00 02
   70.00    10.00  -210.00 02
   80.00    10.00  -210.00 02
   90.00    10.00  -210.00 02
  100.00    10.00  -210.00 02
 -100.00    20.00  -210.00 01
  -90.00    20.00  -210.00 01
  -80.00    20.00  -210.00 01
  -70.00    20.00  -210.00 01
  -60.00    20.00  -210.00 01
  -50.00    20.00  -210.00 01
  -40.00    20.00  -210.00 01
  -30.00    20.00  -210.00 01
  -20.00    20.00  -210.00 01
  -10.00    20.00  -210.00 01
    0.00    20.00  -210.00 02
   10.00    20.00  -210.00 02
   20.00    20.00  -210.00 02
   30.00    20.00  -210.00 02
   40.00    20.00  -210.00 02
   50.00    20.00  -210.00 02
   60.00    20.00  -210.00 02
   70.00    20.00  -210.00 02
   80.00    20.00  -210.00 02
   90.00    20.00  -210.00 02
  100.00    20.00  -210.00 02
 -100.00   -20.00  -200.00 01
  -90.00   -20.00  -200.00 01
  -80.00   -20.00  -200.00 01
  -70.00   -20.00  -200.00 01
  -60.00   -20.00  -200.00 01
  -50.00   -20.00  -200.00 01
  -40.00   -20.00  -200.00 01
  -30.00   -20.00  -200.00 01
  -20.00   -20.00  -200.00 01
  -10.00   -20.00  -200.00 01
    0.00   -20.00  -200.00 02
   10.00   -20.00  -200.00 02
   20.00   -20.00  -200.00 02
   30.00   -20.00  -200.00 02
   40.00   -20.00  -200.00 02
   50.00   -20.00  -200.00 02
   60.00   -20.00  -200.00 02
   70.00   -20.00  -200.00 02
   80.00   -20.00  -200.00 02
   90.00   -20.00  -200.00 02
  100.00   -20.00  -200.00 02
 -100.00   -10.00  -200.00 01
  -90.00   -10.00  -200.00 01
  -80.00   -10.00  -200.00 01
  -70.00   -10.00  -200.00 01
  -60.00   -10.00  -200.00 01
  -50.00   -10.00  -200.00 01
  -40.00   -10.00  -200.00 01
  -30.00   -10.00  -200.00 01
  -20.00   -10.00  -200.00 01
  -10.00   -10.00  -200.00 01
    0.00   -10.00  -200.00 02
   10.00   -10.00  -200.00 02
   20.00   -10.00  -200.00 02
   30.00   -10.00  -200.00 02
   40.00   -10.00  -200.00 02
   50.00   -10.00  -200.00 02
   60.00   -10.00  -200.00 02
   70.00   -10.00  -200.00 02
   80.00   -10.00  -200.00 02
   90.00   -10.00  -200.00 02
  100.00   -10.00  -200.00 02
 -100.00     0.00  -200.00 01
  -90.00     0.00  -200.00 01
  -80.00     0.00  -200.00 01
  -70.00     0.00  -200.00 01
  -60.00     0.00  -200.00 01
  -50.00     0.00  -200.00 01
  -40.00     0.00  -200.00 01
  -30.00     0.00  -200.00 01
  -20.00     0.00  -200.00 01
  -10.00     0.00  -200.00 01
    0.00     0.00  -200.00 02
   10.00     0.00  -200.00 02
   20.00     0.00  -200.00 02
   30.00     0.00  -200.00 02
   40.00     0.00  -200.00 02
   50.00     0.00  -200.00 02
   60.00     0.00  -200.00 02
   70.00     0.00  -200.00 02
   80.00     0.00  -200.00 02
   90.00     0.00  -200.00 02
  100.00     0.00  -200.00 02
 -100.00    10.00  -200.00 01
  -90.00    10.00  -200.00 01
  -80.00    10.00  -200.00 01
  -70.00    10.00  -200.00 01
  -60.00    10.00  -200.00 01
  -50.00    10.00  -200.00 01
  -40.00    10.00  -200.00 01
  -30.00    10.00  -200.00 01
  -20.00    10.00  -200.00 01
  -10.00    10.00  -200.00 01
    0.00    10.00  -200.00 02
   10.00    10.00  -200.00 02
   20.00    10.00  -200.00 02
   30.00    10.00  -200.00 02
   40.00    10.00  -200.00 02
   50.00    10.00  -200.00 02
   60.00    10.00  -200.00 02
   70.00    10.00  -200.00 02
   80.00    10.00  -200.00 02
   90.00    10.00  -200.00 02
  100.00    10.00  -200.00 02
 -100.00    20.00  -200.00 01
  -90.00    20.00  -200.00 01
  -80.00    20.00  -200.00 01
  -70.00    20.00  -200.00 01
  -60.00    20.00  -200.00 01
  -50.00    20.00  -200.00 01
  -40.00    20.00  -200.00 01
  -30.00    20.00  -200.00 01
  -20.00    20.00  -200.00 01
  -10.00    20.00  -200.00 01
    0.00    20.00  -200.00 02
   10.00    20.00  -200.00 02
   20.00    20.00  -200.00 02
   30.00    20.00  -200.00 02
   40.00    20.00  -200.00 02
   50.00    20.00  -200.00 02
   60.00    20.00  -200.00 02
   70.00    20.00  -200.00 02
   80.00    20.00  -200.00 02
   90.00    20.00  -200.00 02
  100.00    20.00  -200.00 02
 -100.00   -20.00  -190.00 01
  -90.00   -20.00  -190.00 01
  -80.00   -20.00  -190.00 01
  -70.00   -20.00  -190.00 01
  -60.00   -20.00  -190.00 01
  -50.00   -20.00  -190.00 01
  -40.00   -20.00  -190.00 01
  -30.00   -20.00  -190.00 01
  -20.00   -20.00  -190.00 01
  -10.00   -20.00  -190.00 01
    0.00   -20.00  -190.00 02
   10.00   -20.00  -190.00 02
   20.00   -20.00  -190.00 02
   30.00   -20.00  -190.00 02
   40.00   -20.00  -190.00 02
   50.00   -20.00  -190.00 02
   60.00   -20.00  -190.00 02
   70.00   -20.00  -190.00 02
   80.00   -20.00  -190.00 02
   90.00   -20.00  -190.00 02
  100.00   -20.00  -190.00 02
 -100.00   -10.00  -190.00 01
  -90.00   -10.00  -190.00 01
  -80.00   -10.00  -190.00 01
  -70.00   -10.00  -190.00 01
  -60.00   -10.00  -190.00 01
  -50.00   -10.00  -190.00 01
  -40.00   -10.00  -190.00 01
  -30.00   -10.00  -190.00 01
  -20.00   -10.00  -190.00 01
  -10.00   -10.00  -190.00 01
    0.00   -10.00  -190.00 02
   10.00   -10.00  -190.00 02
   20.00   -10.00  -190.00 02
   30.00   -10.00  -190.00 02
   40.00   -10.00  -190.00 02
   50.00   -10.00  -190.00 02
   60.00   -10.00  -190.00 02
   70.00   -10.00  -190.00 02
   80.00   -10.00  -190.00 02
   90.00   -10.00  -190.00 02
  100.00   -10.00  -190.00 02
 -100.00     0.00  -190.00 01
  -90.00     0.00  -190.00 01
  -80.00     0.00  -190.00 01
  -70.00     0.00  -190.00 01
  -60.00     0.00  -190.00 01
  -50.00     0.00  -190.00 01
  -40.00     0.00  -190.00 01
  -30.00     0.00  -190.00 01
  -20.00     0.00  -190.00 01
  -10.00     0.00  -190.00 01
    0.00     0.00  -190.00 02
   10.00     0.00  -190.00 02
   20.00     0.00  -190.00 02
   30.00     0.00  -190.00 02
   40.00     0.00  -190.00 02
   50.00     0.00  -190.00 02
   60.00     0.00  -190.00 02
   70.00     0.00  -190.00 02
   80.00     0.00  -190.00 02
   90.00     0.00  -190.00 02
  100.00     0.00  -190.00 02
 -100.00    10.00  -190.00 01
  -90.00    10.00  -190.00 01
  -80.00    10.00  -190.00 01
  -70.00    10.00  -190.00 01
  -60.00    10.00  -190.00 01
  -50.00    10.00  -190.00 01
  -40.00    10.00  -190.00 01
  -30.00    10.00  -190.00 01
  -20.00    10.00  -190.00 01
  -10.00    10.00  -190.00 01
    0.00    10.00  -190.00 02
   10.00    10.00  -190.00 02
   20.00    10.00  -190.00 02
   30.00    10.00  -190.00 02
   40.00    10.00  -190.00 02
   50.00    10.00  -190.00 02
   60.00    10.00  -190.00 02
   70.00    10.00  -190.00 02
   80.00    10.00  -190.00 02
   90.00    10.00  -190.00 02
  100.00    10.00  -190.00 02
 -100.00    20.00  -190.00 01
  -90.00    20.00  -190.00 01
  -80.00    20.00  -190.00 01
  -70.00    20.00  -190.00 01
  -60.00    20.00  -190.00 01
  -50.00    20.00  -190.00 01
  -40.00    20.00  -190.00 01
  -30.00    20.00  -190.00 01
  -20.00    20.00  -190.00 01
  -10.00    20.00  -190.00 01
    0.00    20.00  -190.00 02
   10.00    20.00  -190.00 02
   20.00    20.00  -190.00 02
   30.00    20.00  -190.00 02
   40.00    20.00  -190.00 02
   50.00    20.00  -190.00 02
   60.00    20.00  -190.00 02
   70.00    20.00  -190.00 02
   80.00    20.00  -190.00 02
   90.00    20.00  -190.00 02
  100.00    20.00  -190.00 02
 -100.00   -20.00  -180.00 01
  -90.00   -20.00  -180.00 01
  -80.00   -20.00  -180.00 01
  -70.00   -20.00  -180.00 01
  -60.00   -20.00  -180.00 01
  -50.00   -20.00  -180.00 01
  -40.00   -20.00  -180.00 01
  -30.00   -20.00  -180.00 01
  -20.00   -20.00  -180.00 01
  -10.00   -20.00  -180.00 01
    0.00   -20.00  -180.00 02
   10.00   -20.00  -180.00 02
   20.00   -20.00  -180.00 02
   30.00   -20.00  -180.00 02
   40.00   -20.00  -180.00 02
   50.00   -20.00  -180.00 02
   60.00   -20.00  -180.00 02
   70.00   -20.00  -180.00 02
   80.00   -20.00  -180.00 02
   90.00   -20.00  -180.00 02
  100.00   -20.00  -180.00 02
 -100.00   -10.00  -180.00 01
  -90.00   -10.00  -180.00 01
  -80.00   -10.00  -180.00 01
  -70.00   -10.00  -180.00 01
  -60.00   -10.00  -180.00 01
  -50.00   -10.00  -180.00 01
  -40.00   -10.00  -180.00 01
  -30.00   -10.00  -180.00 01
  -20.00   -10.00  -180.00 01
  -10.00   -10.00  -180.00 01
    0.00   -10.00  -180.00 02
   10.00   -10.00  -180.00 02
   20.00   -10.00  -180.00 02
   30.00   -10.00  -180.00 02
   40.00   -10.00  -180.00 02
   50.00   -10.00  -180.00 02
   60.00   -10.00  -180.00 02
   70.00   -10.00  -180.00 02
   80.00   -10.00  -180.00 02
   90.00   -10.00  -180.00 02
  100.00   -10.00  -180.00 02
 -100.00     0.00  -180.00 01
  -90.00     0.00  -180.00 01
  -80.00     0.00  -180.00 01
  -70.00     0.00  -180.00 01
  -60.00     0.00  -180.00 01
  -50.00     0.00  -180.00 01
  -40.00     0.00  -180.00 01
  -30.00     0.00  -180.00 01
  -20.00     0.00  -180.00 01
  -10.00     0.00  -180.00 01
    0.00     0.00  -180.00 02
   10.00     0.00  -180.00 02
   20.00     0.00  -180.00 02
   30.00     0.00  -180.00 02
   40.00     0.00  -180.00 02
   50.00     0.00  -180.00 02
   60.00     0.00  -180.00 02
   70.00     0.00  -180.00 02
   80.00     0.00  -180.00 02
   90.00     0.00  -180.00 02
  100.00     0.00  -180.00 02
 -100.00    10.00  -180.00 01
  -90.00    10.00  -180.00 01
  -80.00    10.00  -180.00 01
  -70.00    10.00  -180.00 01
  -60.00    10.00  -180.00 01
  -50.00    10.00  -180.00 01
  -40.00    10.00  -180.00 01
  -30.00    10.00  -180.00 01
  -20.00    10.00  -180.00 01
  -10.00    10.00  -180.00 01
    0.00    10.00  -180.00 02
   10.00    10.00  -180.00 02
   20.00    10.00  -180.00 02
   30.00    10.00  -180.00 02
   40.00    10.00  -180.00 02
   50.00    10.00  -180.00 02
   60.00    10.00  -180.00 02
   70.00    10.00  -180.00 02
   80.00    10.00  -180.00 02
   90.00    10.00  -180.00 02
  100.00    10.00  -180.00 02
 -100.00    20.00  -180.00 01
  -90.00    20.00  -180.00 01
  -80.00    20.00  -180.00 01
  -70.00    20.00  -180.00 01
  -60.00    20.00  -180.00 01
  -50.00    20.00  -180.00 01
  -40.00    20.00  -180.00 01
  -30.00    20.00  -180.00 01
  -20.00    20.00  -180.00 01
  -10.00    20.00  -180.00 01
    0.00    20.00  -180.00 02
   10.00    20.00  -180.00 02
   20.00    20.00  -180.00 02
   30.00    20.00  -180.00 02
   40.00    20.00  -180.00 02
   50.00    20.00  -180.00 02
   60.00    20.00  -180.00 02
   70.00    20.00  -180.00 02
   80.00    20.00  -180.00 02
   90.00    20.00  -180.00 02
  100.00    20.00  -180.00 02
 -100.00   -20.00  -170.00 01
  -90.00   -20.00  -170.00 01
  -80.00   -20.00  -170.00 01
  -70.00   -20.00  -170.00 01
  -60.00   -20.00  -170.00 01
  -50.00   -20.00  -170.00 01
  -40.00   -20.00  -170.00 01
  -30.00   -20.00  -170.00 01
  -20.00   -20.00  -170.00 01
  -10.00   -20.00  -170.00 01
    0.00   -20.00  -170.00 02
   10.00   -20.00  -170.00 02
   20.00   -20.00  -170.00 02
   30.00   -20.00  -170.00 02
   40.00   -20.00  -170.00 02
   50.00   -20.00  -170.00 02
   60.00   -20.00  -170.00 02
   70.00   -20.00  -170.00 02
   80.00   -20.00  -170.00 02
   90.00   -20.00  -170.00 02
  100.00   -20.00  -170.00 02
 -100.00   -10.00  -170.00 01
  -90.00   -10.00  -170.00 01
  -80.00   -10.00  -170.00 01
  -70.00   -10.00  -170.00 01
  -60.00   -10.00  -170.00 01
  -50.00   -10.00  -170.00 01
  -40.00   -10.00  -170.00 01
  -30.00   -10.00  -170.00 01
  -20.00   -10.00  -170.00 01
  -10.00   -10.00  -170.00 01
    0.00   -10.00  -170.00 02
   10.00   -10.00  -170.00 02
   20.00   -10.00  -170.00 02
   30.00   -10.00  -170.00 02
   40.00   -10.00  -170.00 02
   50.00   -10.00  -170.00 02
   60.00   -10.00  -170.00 02
   70.00   -10.00  -170.00 02
   80.00   -10.00  -170.00 02
   90.00   -10.00  -170.00 02
  100.00   -10.00  -170.00 02
 -100.00     0.00  -170.00 01
  -90.00     0.00  -170.00 01
  -80.00     0.00  -170.00 01
  -70.00     0.00  -170.00 01
  -60.00     0.00  -170.00 01
  -50.00     0.00  -170.00 01
  -40.00     0.00  -170.00 01
  -30.00     0.00  -170.00 01
  -20.00     0.00  -170.00 01
  -10.00     0.00  -170.00 01
    0.00     0.00  -170.00 02
   10.00     0.00  -170.00 02
   20.00     0.00  -170.00 02
   30.00     0.00  -170.00 02
   40.00     0.00  -170.00 02
   50.00     0.00  -170.00 02
   60.00     0.00  -170.00 02
   70.00     0.00  -170.00 02
   80.00     0.00  -170.00 02
   90.00     0.00  -170.00 02
  100.00     0.00  -170.00 02
 -100.00    10.00  -170.00 01
  -90.00    10.00  -170.00 01
  -80.00    10.00  -170.00 01
  -70.00    10.00  -170.00 01
  -60.00    10.00  -170.00 01
  -50.00    10.00  -170.00 01
  -40.00    10.00  -170.00 01
  -30.00    10.00  -170.00 01
  -20.00    10.00  -170.00 01
  -10.00    10.00  -170.00 01
    0.00    10.00  -170.00 02
   10.00    10.00  -170.00 02
   20.00    10.00  -170.00 02
   30.00    10.00  -170.00 02
   40.00    10.00  -170.00 02
   50.00    10.00  -170.00 02
   60.00    10.00  -170.00 02
   70.00    10.00  -170.00 02
   80.00    10.00  -170.00 02
   90.00    10.00  -170.00 02
  100.00    10.00  -170.00 02
 -100.00    20.00  -170.00 01
  -90.00    20.00  -170.00 01
  -80.00    20.00  -170.00 01
  -70.00    20.00  -170.00 01
  -60.00    20.00  -170.00 01
  -50.00    20.00  -170.00 01
  -40.00    20.00  -170.00 01
  -30.00    20.00  -170.00 01
  -20.00    20.00  -170.00 01
  -10.00    20.00  -170.00 01
    0.00    20.00  -170.00 02
   10.00    20.00  -170.00 02
   20.00    20.00  -170.00 02
   30.00    20.00  -170.00 02
   40.00    20.00  -170.00 02
   50.00    20.00  -170.00 02
   60.00    20.00  -170.00 02
   70.00    20.00  -170.00 02
   80.00    20.00  -170.00 02
   90.00    20.00  -170.00 02
  100.00    20.00  -170.00 02
 -100.00   -20.00  -160.00 01
  -90.00   -20.00  -160.00 01
  -80.00   -20.00  -160.00 01
  -70.00   -20.00  -160.00 01
  -60.00   -20.00  -160.00 01
  -50.00   -20.00  -160.00 01
  -40.00   -20.00  -160.00 01
  -30.00   -20.00  -160.00 01
  -20.00   -20.00  -160.00 01
  -10.00   -20.00  -160.00 01
    0.00   -20.00  -160.00 02
   10.00   -20.00  -160.00 02
   20.00   -20.00  -160.00 02
   30.00   -20.00  -160.00 02
   40.00   -20.00  -160.00 02
   50.00   -20.00  -160.00 02
   60.00   -20.00  -160.00 02
   70.00   -20.00  -160.00 02
   80.00   -20.00  -160.00 02
   90.00   -20.00  -160.00 02
  100.00   -20.00  -160.00 02
 -100.00   -10.00  -160.00 01
  -90.00   -10.00  -160.00 01
  -80.00   -10.00  -160.00 01
  -70.00   -10.00  -160.00 01
  -60.00   -10.00  -160.00 01
  -50.00   -10.00  -160.00 01
  -40.00   -10.00  -160.00 01
  -30.00   -10.00  -160.00 01
  -20.00   -10.00  -160.00 01
  -10.00   -10.00  -160.00 01
    0.00   -10.00  -160.00 02
   10.00   -10.00  -160.00 02
   20.00   -10.00  -160.00 02
   30.00   -10.00  -160.00 02
   40.00   -10.00  -160.00 02
   50.00   -10.00  -160.00 02
   60.00   -10.00  -160.00 02
   70.00   -10.00  -160.00 02
   80.00   -10.00  -160.00 02
   90.00   -10.00  -160.00 02
  100.00   -10.00  -160.00 02
 -100.00     0.00  -160.00 01
  -90.00     0.00  -160.00 01
  -80.00     0.00  -160.00 01
  -70.00     0.00  -160.00 01
  -60.00     0.00  -160.00 01
  -50.00     0.00  -160.00 01
  -40.00     0.00  -160.00 01
  -30.00     0.00  -160.00 01
  -20.00     0.00  -160.00 01
  -10.00     0.00  -160.00 01
    0.00     0.00  -160.00 02
   10.00     0.00  -160.00 02
   20.00     0.00  -160.00 02
   30.00     0.00  -160.00 02
   40.00     0.00  -160.00 02
   50.00     0.00  -160.00 02
   60.00     0.00  -160.00 02
   70.00     0.00  -160.00 02
   80.00     0.00  -160.00 02
   90.00     0.00  -160.00 02
  100.00     0.00  -160.00 02
 -100.00    10.00  -160.00 01
  -90.00    10.00  -160.00 01
  -80.00    10.00  -160.00 01
  -70.00    10.00  -160.00 01
  -60.00    10.00  -160.00 01
  -50.00    10.00  -160.00 01
  -40.00    10.00  -160.00 01
  -30.00    10.00  -160.00 01
  -20.00    10.00  -160.00 01
  -10.00    10.00  -160.00 01
    0.00    10.00  -160.00 02
   10.00    10.00  -160.00 02
   20.00    10.00  -160.00 02
   30.00    10.00  -160.00 02
   40.00    10.00  -160.00 02
   50.00    10.00  -160.00 02
   60.00    10.00  -160.00 02
   70.00    10.00  -160.00 02
   80.00    10.00  -160.00 02
   90.00    10.00  -160.00 02
  100.00    10.00  -160.00 02
 -100.00    20.00  -160.00 01
  -90.00    20.00  -160.00 01
  -80.00    20.00  -160.00 01
  -70.00    20.00  -160.00 01
  -60.00    20.00  -160.00 01
  -50.00    20.00  -160.00 01
  -40.00    20.00  -160.00 01
  -30.00    20.00  -160.00 01
  -20.00    20.00  -160.00 01
  -10.00    20.00  -160.00 01
    0.00    20.00  -160.00 02
   10.00    20.00  -160.00 02
   20.00    20.00  -160.00 02
   30.00    20.00  -160.00 02
   40.00    20.00  -160.00 02
   50.00    20.00  -160.00 02
   60.00    20.00  -160.00 02
   70.00    20.00  -160.00 02
   80.00    20.00  -160.00 02
   90.00    20.00  -160.00 02
  100.00    20.00  -160.00 02
 -100.00   -20.00  -150.00 01
  -90.00   -20.00  -150.00 01
  -80.00   -20.00  -150.00 01
  -70.00   -20.00  -150.00 01
  -60.00   -20.00  -150.00 01
  -50.00   -20.00  -150.00 01
  -40.00   -20.00  -150.00 01
  -30.00   -20.00  -150.00 01
  -20.00   -20.00  -150.00 01
  -10.00   -20.00  -150.00 01
    0.00   -20.00  -150.00 02
   10.00   -20.00  -150.00 02
   20.00   -20.00  -150.00 02
   30.00   -20.00  -150.00 02
   40.00   -20.00  -150.00 02
   50.00   -20.00  -150.00 02
   60.00   -20.00  -150.00 02
   70.00   -20.00  -150.00 02
   80.00   -20.00  -150.00 02
   90.00   -20.00  -150.00 02
  100.00   -20.00  -150.00 02
 -100.00   -10.00  -150.00 01
  -90.00   -10.00  -150.00 01
  -80.00   -10.00  -150.00 01
  -70.00   -10.00  -150.00 01
  -60.00   -10.00  -150.00 01
  -50.00   -10.00  -150.00 01
  -40.00   -10.00  -150.00 01
  -30.00   -10.00  -150.00 01
  -20.00   -10.00  -150.00 01
  -10.00   -10.00  -150.00 01
    0.00   -10.00  -150.00 02
   10.00   -10.00  -150.00 02
   20.00   -10.00  -150.00 02
   30.00   -10.00  -150.00 02
   40.00   -10.00  -150.00 02
   50.00   -10.00  -150.00 02
   60.00   -10.00  -150.00 02
   70.00   -10.00  -150.00 02
   80.00   -10.00  -150.00 02
   90.00   -10.00  -150.00 02
  100.00   -10.00  -150.00 02
 -100.00     0.00  -150.00 01
  -90.00     0.00  -150.00 01
  -80.00     0.00  -150.00 01
  -70.00     0.00  -150.00 01
  -60.00     0.00  -150.00 01
  -50.00     0.00  -150.00 01
  -40.00     0.00  -150.00 01
  -30.00     0.00  -150.00 01
  -20.00     0.00  -150.00 01
  -10.00     0.00  -150.00 01
    0.00     0.00  -150.00 02
   10.00     0.00  -150.00 02
   20.00     0.00  -150.00 02
   30.00     0.00  -150.00 02
   40.00     0.00  -150.00 02
   50.00     0.00  -150.00 02
   60.00     0.00  -150.00 02
   70.00     0.00  -150.00 02
   80.00     0.00  -150.00 02
   90.00     0.00  -150.00 02
  100.00     0.00  -150.00 02
 -100.00    10.00  -150.00 01
  -90.00    10.00  -150.00 01
  -80.00    10.00  -150.00 01
  -70.00    10.00  -150.00 01
  -60.00    10.00  -150.00 01
  -50.00    10.00  -150.00 01
  -40.00    10.00  -150.00 01
  -30.00    10.00  -150.00 01
  -20.00    10.00  -150.00 01
  -10.00    10.00  -150.00 01
    0.00    10.00  -150.00 02
   10.00    10.00  -150.00 02
   20.00    10.00  -150.00 02
   30.00    10.00  -150.00 02
   40.00    10.00  -150.00 02
   50.00    10.00  -150.00 02
   60.00    10.00  -150.00 02
   70.00    10.00  -150.00 02
   80.00    10.00  -150.00 02
   90.00    10.00  -150.00 02
  100.00    10.00  -150.00 02
 -100.00    20.00  -150.00 01
  -90.00    20.00  -150.00 01
  -80.00    20.00  -150.00 01
  -70.00    20.00  -150.00 01
  -60.00    20.00  -150.00 01
  -50.00    20.00  -150.00 01
  -40.00    20.00  -150.00 01
  -30.00    20.00  -150.00 01
  -20.00    20.00  -150.00 01
  -10.00    20.00  -150.00 01
    0.00    20.00  -150.00 02
   10.00    20.00  -150.00 02
   20.00    20.00  -150.00 02
   30.00    20.00  -150.00 02
   40.00    20.00  -150.00 02
   50.00    20.00  -150.00 02
   60.00    20.00  -150.00 02
   70.00    20.00  -150.00 02
   80.00    20.00  -150.00 02
   90.00    20.00  -150.00 02
  100.00    20.00  -150.00 02
 -100.00   -20.00  -140.00 01
  -90.00   -20.00  -140.00 01
  -80.00   -20.00  -140.00 01
  -70.00   -20.00  -140.00 01
  -60.00   -20.00  -140.00 01
  -50.00   -20.00  -140.00 01
  -40.00   -20.00  -140.00 01
  -30.00   -20.00  -140.00 01
  -20.00   -20.00  -140.00 01
  -10.00   -20.00  -140.00 01
    0.00   -20.00  -140.00 02
   10.00   -20.00  -140.00 02
   20.00   -20.00  -140.00 02
   30.00   -20.00  -140.00 02
   40.00   -20.00  -140.00 02
   50.00   -20.00  -140.00 02
   60.00   -20.00  -140.00 02
   70.00   -20.00  -140.00 02
   80.00   -20.00  -140.00 02
   90.00   -20.00  -140.00 02
  100.00   -20.00  -140.00 02
 -100.00   -10.00  -140.00 01
  -90.00   -10.00  -140.00 01
  -80.00   -10.00  -140.00 01
  -70.00   -10.00  -140.00 01
  -60.00   -10.00  -140.00 01
  -50.00   -10.00  -140.00 01
  -40.00   -10.00  -140.00 01
  -30.00   -10.00  -140.00 01
  -20.00   -10.00  -140.00 01
  -10.00   -10.00  -140.00 01
    0.00   -10.00  -140.00 02
   10.00   -10.00  -140.00 02
   20.00   -10.00  -140.00 02
   30.00   -10.00  -140.00 02
   40.00   -10.00  -140.00 02
   50.00   -10.00  -140.00 02
   60.00   -10.00  -140.00 02
   70.00   -10.00  -140.00 02
   80.00   -10.00  -140.00 02
   90.00   -10.00  -140.00 02
  100.00   -10.00  -140.00 02
 -100.00     0.00  -140.00 01
  -90.00     0.00  -140.00 01
  -80.00     0.00  -140.00 01
  -70.00     0.00  -140.00 01
  -60.00     0.00  -140.00 01
  -50.00     0.00  -140.00 01
  -40.00     0.00  -140.00 01
  -30.00     0.00  -140.00 01
  -20.00     0.00  -140.00 01
  -10.00     0.00  -140.00 01
    0.00     0.00  -140.00 02
   10.00     0.00  -140.00 02
   20.00     0.00  -140.00 02
   30.00     0.00  -140.00 02
   40.00     0.00  -140.00 02
   50.00     0.00  -140.00 02
   60.00     0.00  -140.00 02
   70.00     0.00  -140.00 02
   80.00     0.00  -140.00 02
   90.00     0.00  -140.00 02
  100.00     0.00  -140.00 02
 -100.00    10.00  -140.00 01
  -90.00    10.00  -140.00 01
  -80.00    10.00  -140.00 01
  -70.00    10.00  -140.00 01
  -60.00    10.00  -140.00 01
  -50.00    10.00  -140.00 01
  -40.00    10.00  -140.00 01
  -30.00    10.00  -140.00 01
  -20.00    10.00  -140.00 01
  -10.00    10.00  -140.00 01
    0.00    10.00  -140.00 02
   10.00    10.00  -140.00 02
   20.00    10.00  -140.00 02
   30.00    10.00  -140.00 02
   40.00    10.00  -140.00 02
   50.00    10.00  -140.00 02
   60.00    10.00  -140.00 02
   70.00    10.00  -140.00 02
   80.00    10.00  -140.00 02
   90.00    10.00  -140.00 02
  100.00    10.00  -140.00 02
 -100.00    20.00  -140.00 01
  -90.00    20.00  -140.00 01
  -80.00    20.00  -140.00 01
  -70.00    20.00  -140.00 01
  -60.00    20.00  -140.00 01
  -50.00    20.00  -140.00 01
  -40.00    20.00  -140.00 01
  -30.00    20.00  -140.00 01
  -20.00    20.00  -140.00 01
  -10.00    20.00  -140.00 01
    0.00    20.00  -140.00 02
   10.00    20.00  -140.00 02
   20.00    20.00  -140.00 02
   30.00    20.00  -140.00 02
   40.00    20.00  -140.00 02
   50.00    20.00  -140.00 02
   60.00    20.00  -140.00 02
   70.00    20.00  -140.00 02
   80.00    20.00  -140.00 02
   90.00    20.00  -140.00 02
  100.00    20.00  -140.00 02
 -100.00   -20.00  -130.00 01
  -90.00   -20.00  -130.00 01
  -80.00   -20.00  -130.00 01
  -70.00   -20.00  -130.00 01
  -60.00   -20.00  -130.00 01
  -50.00   -20.00  -130.00 01
  -40.00   -20.00  -130.00 01
  -30.00   -20.00  -130.00 01
  -20.00   -20.00  -130.00 01
  -10.00   -20.00  -130.00 01
    0.00   -20.00  -130.00 02
   10.00   -20.00  -130.00 02
   20.00   -20.00  -130.00 02
   30.00   -20.00  -130.00 02
   40.00   -20.00  -130.00 02
   50.00   -20.00  -130.00 02
   60.00   -20.00  -130.00 02
   70.00   -20.00  -130.00 02
   80.00   -20.00  -130.00 02
   90.00   -20.00  -130.00 02
  100.00   -20.00  -130.00 02
 -100.00   -10.00  -130.00 01
  -90.00   -10.00  -130.00 01
  -80.00   -10.00  -130.00 01
  -70.00   -10.00  -130.00 01
  -60.00   -10.00  -130.00 01
  -50.00   -10.00  -130.00 01
  -40.00   -10.00  -130.00 01
  -30.00   -10.00  -130.00 01
  -20.00   -10.00  -130.00 01
  -10.00   -10.00  -130.00 01
    0.00   -10.00  -130.00 02
   10.00   -10.00  -130.00 02
   20.00   -10.00  -130.00 02
   30.00   -10.00  -130.00 02
   40.00   -10.00  -130.00 02
   50.00   -10.00  -130.00 02
   60.00   -10.00  -130.00 02
   70.00   -10.00  -130.00 02
   80.00   -10.00  -130.00 02
   90.00   -10.00  -130.00 02
  100.00   -10.00  -130.00 02
 -100.00     0.00  -130.00 01
  -90.00     0.00  -130.00 01
  -80.00     0.00  -130.00 01
  -70.00     0.00  -130.00 01
  -60.00     0.00  -130.00 01
  -50.00     0.00  -130.00 01
  -40.00     0.00  -130.00 01
  -30.00     0.00  -130.00 01
  -20.00     0.00  -130.00 01
  -10.00     0.00  -130.00 01
    0.00     0.00  -130.00 02
   10.00     0.00  -130.00 02
   20.00     0.00  -130.00 02
   30.00     0.00  -130.00 02
   40.00     0.00  -130.00 02
   50.00     0.00  -130.00 02
   60.00     0.00  -130.00 02
   70.00     0.00  -130.00 02
   80.00     0.00  -130.00 02
   90.00     0.00  -130.00 02
  100.00     0.00  -130.00 02
 -100.00    10.00  -130.00 01
  -90.00    10.00  -130.00 01
  -80.00    10.00  -130.00 01
  -70.00    10.00  -130.00 01
  -60.00    10.00  -130.00 01
  -50.00    10.00  -130.00 01
  -40.00    10.00  -130.00 01
  -30.00    10.00  -130.00 01
  -20.00    10.00  -130.00 01
  -10.00    10.00  -130.00 01
    0.00    10.00  -130.00 02
   10.00    10.00  -130.00 02
   20.00    10.00  -130.00 02
   30.00    10.00  -130.00 02
   40.00    10.00  -130.00 02
   50.00    10.00  -130.00 02
   60.00    10.00  -130.00 02
   70.00    10.00  -130.00 02
   80.00    10.00  -130.00 02
   90.00    10.00  -130.00 02
  100.00    10.00  -130.00 02
 -100.00    20.00  -130.00 01
  -90.00    20.00  -130.00 01
  -80.00    20.00  -130.00 01
  -70.00    20.00  -130.00 01
  -60.00    20.00  -130.00 01
  -50.00    20.00  -130.00 01
  -40.00    20.00  -130.00 01
  -30.00    20.00  -130.00 01
  -20.00    20.00  -130.00 01
  -10.00    20.00  -130.00 01
    0.00    20.00  -130.00 02
   10.00    20.00  -130.00 02
   20.00    20.00  -130.00 02
   30.00    20.00  -130.00 02
   40.00    20.00  -130.00 02
   50.00    20.00  -130.00 02
   60.00    20.00  -130.00 02
   70.00    20.00  -130.00 02
   80.00    20.00  -130.00 02
   90.00    20.00  -130.00 02
  100.00    20.00  -130.00 02
 -100.00   -20.00  -120.00 01
  -90.00   -20.00  -120.00 01
  -80.00   -20.00  -120.00 01
  -70.00   -20.00  -120.00 01
  -60.00   -20.00  -120.00 01
  -50.00   -20.00  -120.00 01
  -40.00   -20.00  -120.00 01
  -30.00   -20.00  -120.00 01
  -20.00   -20.00  -120.00 01
  -10.00   -20.00  -120.00 01
    0.00   -20.00  -120.00 02
   10.00   -20.00  -120.00 02
   20.00   -20.00  -120.00 02
   30.00   -20.00  -120.00 02
   40.00   -20.00  -120.00 02
   50.00   -20.00  -120.00 02
   60.00   -20.00  -120.00 02
   70.00   -20.00  -120.00 02
   80.00   -20.00  -120.00 02
   90.00   -20.00  -120.00 02
  100.00   -20.00  -120.00 02
 -100.00   -10.00  -120.00 01
  -90.00   -10.00  -120.00 01
  -80.00   -10.00  -120.00 01
  -70.00   -10.00  -120.00 01
  -60.00   -10.00  -120.00 01
  -50.00   -10.00  -120.00 01
  -40.00   -10.00  -120.00 01
  -30.00   -10.00  -120.00 01
  -20.00   -10.00  -120.00 01
  -10.00   -10.00  -120.00 01
    0.00   -10.00  -120.00 02
   10.00   -10.00  -120.00 02
   20.00   -10.00  -120.00 02
   30.00   -10.00  -120.00 02
   40.00   -10.00  -120.00 02
   50.00   -10.00  -120.00 02
   60.00   -10.00  -120.00 02
   70.00   -10.00  -120.00 02
   80.00   -10.00  -120.00 02
   90.00   -10.00  -120.00 02
  100.00   -10.00  -120.00 02
 -100.00     0.00  -120.00 01
  -90.00     0.00  -120.00 01
  -80.00     0.00  -120.00 01
  -70.00     0.00  -120.00 01
  -60.00     0.00  -120.00 01
  -50.00     0.00  -120.00 01
  -40.00     0.00  -120.00 01
  -30.00     0.00  -120.00 01
  -20.00     0.00  -120.00 01
  -10.00     0.00  -120.00 01
    0.00     0.00  -120.00 02
   10.00     0.00  -120.00 02
   20.00     0.00  -120.00 02
   30.00     0.00  -120.00 02
   40.00     0.00  -120.00 02
   50.00     0.00  -120.00 02
   60.00     0.00  -120.00 02
   70.00     0.00  -120.00 02
   80.00     0.00  -120.00 02
   90.00     0.00  -120.00 02
  100.00     0.00  -120.00 02
 -100.00    10.00  -120.00 01
  -90.00    10.00  -120.00 01
  -80.00    10.00  -120.00 01
  -70.00    10.00  -120.00 01
  -60.00    10.00  -120.00 01
  -50.00    10.00  -120.00 01
  -40.00    10.00  -120.00 01
  -30.00    10.00  -120.00 01
  -20.00    10.00  -120.00 01
  -10.00    10.00  -120.00 01
    0.00    10.00  -120.00 02
   10.00    10.00  -120.00 02
   20.00    10.00  -120.00 02
   30.00    10.00  -120.00 02
   40.00    10.00  -120.00 02
   50.00    10.00  -120.00 02
   60.00    10.00  -120.00 02
   70.00    10.00  -120.00 02
   80.00    10.00  -120.00 02
   90.00    10.00  -120.00 02
  100.00    10.00  -120.00 02
 -100.00    20.00  -120.00 01
  -90.00    20.00  -120.00 01
  -80.00    20.00  -120.00 01
  -70.00    20.00  -120.00 01
  -60.00    20.00  -120.00 01
  -50.00    20.00  -120.00 01
  -40.00    20.00  -120.00 01
  -30.00    20.00  -120.00 01
  -20.00    20.00  -120.00 01
  -10.00    20.00  -120.00 01
    0.00    20.00  -120.00 02
   10.00    20.00  -120.00 02
   20.00    20.00  -120.00 02
   30.00    20.00  -120.00 02
   40.00    20.00  -120.00 02
   50.00    20.00  -120.00 02
   60.00    20.00  -120.00 02
   70.00    20.00  -120.00 02
   80.00    20.00  -120.00 02
   90.00    20.00  -120.00 02
  100.00    20.00  -120.00 02
 -100.00   -20.00  -110.00 01
  -90.00   -20.00  -110.00 01
  -80.00   -20.00  -110.00 01
  -70.00   -20.00  -110.00 01
  -60.00   -20.00  -110.00 01
  -50.00   -20.00  -110.00 01
  -40.00   -20.00  -110.00 01
  -30.00   -20.00  -110.00 01
  -20.00   -20.00  -110.00 01
  -10.00   -20.00  -110.00 01
    0.00   -20.00  -110.00 02
   10.00   -20.00  -110.00 02
   20.00   -20.00  -110.00 02
   30.00   -20.00  -110.00 02
   40.00   -20.00  -110.00 02
   50.00   -20.00  -110.00 02
   60.00   -20.00  -110.00 02
   70.00   -20.00  -110.00 02
   80.00   -20.00  -110.00 02
   90.00   -20.00  -110.00 02
  100.00   -20.00  -110.00 02
 -100.00   -10.00  -110.00 01
  -90.00   -10.00  -110.00 01
  -80.00   -10.00  -110.00 01
  -70.00   -10.00  -110.00 01
  -60.00   -10.00  -110.00 01
  -50.00   -10.00  -110.00 01
  -40.00   -10.00  -110.00 01
  -30.00   -10.00  -110.00 01
  -20.00   -10.00  -110.00 01
  -10.00   -10.00  -110.00 01
    0.00   -10.00  -110.00 02
   10.00   -10.00  -110.00 02
   20.00   -10.00  -110.00 02
   30.00   -10.00  -110.00 02
   40.00   -10.00  -110.00 02
   50.00   -10.00  -110.00 02
   60.00   -10.00  -110.00 02
   70.00   -10.00  -110.00 02
   80.00   -10.00  -110.00 02
   90.00   -10.00  -110.00 02
  100.00   -10.00  -110.00 02
 -100.00     0.00  -110.00 01
  -90.00     0.00  -110.00 01
  -80.00     0.00  -110.00 01
  -70.00     0.00  -110.00 01
  -60.00     0.00  -110.00 01
  -50.00     0.00  -110.00 01
  -40.00     0.00  -110.00 01
  -30.00     0.00  -110.00 01
  -20.00     0.00  -110.00 01
  -10.00     0.00  -110.00 01
    0.00     0.00  -110.00 02
   10.00     0.00  -110.00 02
   20.00     0.00  -110.00 02
   30.00     0.00  -110.00 02
   40.00     0.00  -110.00 02
   50.00     0.00  -110.00 02
   60.00     0.00  -110.00 02
   70.00     0.00  -110.00 02
   80.00     0.00  -110.00 02
   90.00     0.00  -110.00 02
  100.00     0.00  -110.00 02
 -100.00    10.00  -110.00 01
  -90.00    10.00  -110.00 01
  -80.00    10.00  -110.00 01
  -70.00    10.00  -110.00 01
  -60.00    10.00  -110.00 01
  -50.00    10.00  -110.00 01
  -40.00    10.00  -110.00 01
  -30.00    10.00  -110.00 01
  -20.00    10.00  -110.00 01
  -10.00    10.00  -110.00 01
    0.00    10.00  -110.00 02
   10.00    10.00  -110.00 02
   20.00    10.00  -110.00 02
   30.00    10.00  -110.00 02
   40.00    10.00  -110.00 02
   50.00    10.00  -110.00 02
   60.00    10.00  -110.00 02
   70.00    10.00  -110.00 02
   80.00    10.00  -110.00 02
   90.00    10.00  -110.00 02
  100.00    10.00  -110.00 02
 -100.00    20.00  -110.00 01
  -90.00    20.00  -110.00 01
  -80.00    20.00  -110.00 01
  -70.00    20.00  -110.00 01
  -60.00    20.00  -110.00 01
  -50.00    20.00  -110.00 01
  -40.00    20.00  -110.00 01
  -30.00    20.00  -110.00 01
  -20.00    20.00  -110.00 01
  -10.00    20.00  -110.00 01
    0.00    20.00  -110.00 02
   10.00    20.00  -110.00 02
   20.00    20.00  -110.00 02
   30.00    20.00  -110.00 02
   40.00    20.00  -110.00 02
   50.00    20.00  -110.00 02
   60.00    20.00  -110.00 02
   70.00    20.00  -110.00 02
   80.00    20.00  -110.00 02
   90.00    20.00  -110.00 02
  100.00    20.00  -110.00 02
 -100.00   -20.00  -100.00 01
  -90.00   -20.00  -100.00 01
  -80.00   -20.00  -100.00 01
  -70.00   -20.00  -100.00 01
  -60.00   -20.00  -100.00 01
  -50.00   -20.00  -100.00 01
  -40.00   -20.00  -100.00 01
  -30.00   -20.00  -100.00 01
  -20.00   -20.00  -100.00 01
  -10.00   -20.00  -100.00 01
    0.00   -20.00  -100.00 02
   10.00   -20.00  -100.00 02
   20.00   -20.00  -100.00 02
   30.00   -20.00  -100.00 02
   40.00   -20.00  -100.00 02
   50.00   -20.00  -100.00 02
   60.00   -20.00  -100.00 02
   70.00   -20.00  -100.00 02
   80.00   -20.00  -100.00 02
   90.00   -20.00  -100.00 02
  100.00   -20.00  -100.00 02
 -100.00   -10.00  -100.00 01
  -90.00   -10.00  -100.00 01
  -80.00   -10.00  -100.00 01
  -70.00   -10.00  -100.00 01
  -60.00   -10.00  -100.00 01
  -50.00   -10.00  -100.00 01
  -40.00   -10.00  -100.00 01
  -30.00   -10.00  -100.00 01
  -20.00   -10.00  -100.00 01
  -10.00   -10.00  -100.00 01
    0.00   -10.00  -100.00 02
   10.00   -10.00  -100.00 02
   20.00   -10.00  -100.00 02
   30.00   -10.00  -100.00 02
   40.00   -10.00  -100.00 02
   50.00   -10.00  -100.00 02
   60.00   -10.00  -100.00 02
   70.00   -10.00  -100.00 02
   80.00   -10.00  -100.00 02
   90.00   -10.00  -100.00 02
  100.00   -10.00  -100.00 02
 -100.00     0.00  -100.00 01
  -90.00     0.00  -100.00 01
  -80.00     0.00  -100.00 01
  -70.00     0.00  -100.00 01
  -60.00     0.00  -100.00 01
  -50.00     0.00  -100.00 01
  -40.00     0.00  -100.00 01
  -30.00     0.00  -100.00 01
  -20.00     0.00  -100.00 01
  -10.00     0.00  -100.00 01
    0.00     0.00  -100.00 02
   10.00     0.00  -100.00 02
   20.00     0.00  -100.00 02
   30.00     0.00  -100.00 02
   40.00     0.00  -100.00 02
   50.00     0.00  -100.00 02
   60.00     0.00  -100.00 02
   70.00     0.00  -100.00 02
   80.00     0.00  -100.00 02
   90.00     0.00  -100.00 02
  100.00     0.00  -100.00 02
 -100.00    10.00  -100.00 01
  -90.00    10.00  -100.00 01
  -80.00    10.00  -100.00 01
  -70.00    10.00  -100.00 01
  -60.00    10.00  -100.00 01
  -50.00    10.00  -100.00 01
  -40.00    10.00  -100.00 01
  -30.00    10.00  -100.00 01
  -20.00    10.00  -100.00 01
  -10.00    10.00  -100.00 01
    0.00    10.00  -100.00 02
   10.00    10.00  -100.00 02
   20.00    10.00  -100.00 02
   30.00    10.00  -100.00 02
   40.00    10.00  -100.00 02
   50.00    10.00  -100.00 02
   60.00    10.00  -100.00 02
   70.00    10.00  -100.00 02
   80.00    10.00  -100.00 02
   90.00    10.00  -100.00 02
  100.00    10.00  -100.00 02
 -100.00    20.00  -100.00 01
  -90.00    20.00  -100.00 01
  -80.00    20.00  -100.00 01
  -70.00    20.00  -100.00 01
  -60.00    20.00  -100.00 01
  -50.00    20.00  -100.00 01
  -40.00    20.00  -100.00 01
  -30.00    20.00  -100.00 01
  -20.00    20.00  -100.00 01
  -10.00    20.00  -100.00 01
    0.00    20.00  -100.00 02
   10.00    20.00  -100.00 02
   20.00    20.00  -100.00 02
   30.00    20.00  -100.00 02
   40.00    20.00  -100.00 02
   50.00    20.00  -100.00 02
   60.00    20.00  -100.00 02
   70.00    20.00  -100.00 02
   80.00    20.00  -100.00 02
   90.00    20.00  -100.00 02
  100.00    20.00  -100.00 02
