           1   2.0547509155673804       0.60732926513804419       0.72009001815600437      -8.51007362800517363E-004 -5.96444350570962852E-003  1.86413007150800815E-002   2.5115481041627779       0.62436176377088026       1.44316081779857115E-002 -1.81604285840090388E-003  3.69183658135961087E-002   2.1503720563328463       2.34627758673936360E-003 -4.53917160162306630E-003  2.83154083443418604E-004  0.78119225728664499       1.48805200611132615E-002 -4.50353454655716629E-004  0.69851091202886617       2.78106261493951809E-003  0.76668242582205026        3.3218001406908044     
           2   2.0447781459206436       0.60571427179011494       0.71776426545644001       1.30855630762591010E-004 -2.42880809565442814E-003 -2.04945064581082991E-004   2.5292394869958912       0.62442450353725998       8.03933806887087085E-003 -1.62316217471617950E-003 -1.80184584579854180E-002   2.1514233439785966       3.37430641745215291E-004 -1.79071105221823511E-003  5.83324853328754354E-003  0.78224948618416956      -4.26817017666745741E-004 -1.45136240523057944E-003  0.69587488813136966       2.19610565392330988E-003  0.76462140650298949        3.3218001406908044     
           3   2.0441180015381368       0.60717746876488898       0.71693172006765327       2.31759251316997840E-004 -3.11357635855342464E-003 -4.38642070002277264E-003   2.5253069832618236       0.62481066562993226       7.44498605920432786E-003 -1.71322642457194681E-003 -3.21719618483871025E-002   2.1541419519631591       9.90694977899009245E-004 -2.00429524337158559E-003  7.02640728641960866E-003  0.78241355654660483      -4.28498237622790181E-003 -2.10211914000406992E-003  0.69622769445879251       2.44800505692146109E-003  0.76500402351484897        3.3218001406908044     
           4   2.0452729246906545       0.60971790617603638       0.71560518003995688       7.03955148279297510E-004 -9.24597105748277241E-003 -7.56824866133883056E-003   2.5173648949206129       0.62638139217947097       4.71588635804659831E-003 -3.20829508291370141E-003 -4.24110808816137302E-002   2.1554322268014667      -1.98103446339389531E-003 -6.15366724090152164E-003  8.37235699969759821E-003  0.78350892218717738      -6.97722886254458462E-003 -3.51160777592804353E-003  0.69648222048821884       1.68407017271874487E-003  0.76612364991580673        3.3218001406908044     
           5   2.0445492882458032       0.60952746407507574       0.71554538242692356       1.54537624660394538E-004 -5.00750595539225379E-003 -7.28428352145675702E-003   2.5191042620542707       0.62561582366070256       6.97131975001425395E-003 -2.18693884288472277E-003 -4.15488795661003302E-002   2.1563903857470188       1.28772861095117325E-003 -3.53002851200172156E-003  8.28058443242040212E-003  0.78272997537155864      -6.84217245553480659E-003 -2.74978217741201963E-003  0.69650808227715344       2.59317319686942771E-003  0.76591367430137214        3.3218001406908044     
           6   2.0439666238824818       0.61002333610100723       0.71397773057337743      -7.49733970657983717E-004  6.86565693636092232E-004 -8.79000935481930382E-003   2.5189544441779934       0.62774096588874029       9.51412054422167558E-003 -7.74485636563320605E-004 -4.48279928396216748E-002   2.1554922787098745      -1.25093326095140043E-004  1.28861899410077745E-003  9.80548697259781346E-003  0.78309581822205865      -7.71759287594514336E-003 -8.50350759060468277E-004  0.69694493981033145       2.46928094934005873E-003  0.76591532610160196        3.3218001406908044     
           7   2.0711236802259192       0.61308003109433418       0.71304488042119973       1.42427896156459202E-003 -2.65115490620190519E-002 -5.56999048580607801E-003   2.5137046607970452       0.62522248836947014      -1.43612191299885388E-002 -7.77488987977385630E-003 -3.64172810279989531E-002   2.1339412170444678      -3.01042908856596772E-003 -2.22579689772240789E-002  5.64683181078862693E-003  0.78226624836131808      -6.49060742717517090E-003 -8.34898085524955758E-003  0.69360713556272358      -1.65056879424581825E-003  0.76960553893828232        3.3218001406908044     
           8   2.0451727682895973       0.61195899094313244       0.71403336526256866       7.85776877987945442E-004 -8.86463932687822295E-003 -8.91422382727114632E-003   2.5110969897236197       0.62790686301848342       4.44264216040635325E-003 -2.85993942306799831E-003 -4.71829223148055865E-002   2.1573535245227404      -1.99791889897429562E-003 -6.12131707510235861E-003  9.58896528538867587E-003  0.78414951796413990      -8.70255272797369403E-003 -3.40014333974868362E-003  0.69699151602330511       1.70454236806012651E-003  0.76680564709663401        3.3218001406908044     
           9   2.0441837320290874       0.61157726055837802       0.71404438826473171       1.81830550741014953E-004 -4.14228852324237569E-003 -8.63213191698754267E-003   2.5134444410341157       0.62721901225107834       6.94464971614239517E-003 -1.83224264020519874E-003 -4.63767655390123351E-002   2.1581203398282343       1.32867680318918008E-003 -2.84399649619813434E-003  9.45581915187371745E-003  0.78344019339917526      -8.60370378346992162E-003 -2.46939937938109137E-003  0.69688906287044949       2.70153107214334519E-003  0.76664058530122903        3.3218001406908044     
          10   2.0504270723675981       0.61517423662480186       0.71176032536098321       7.70152016332095258E-004 -1.49731213520789552E-002 -9.97907650117526093E-003   2.5015770601499430       0.63054883142228213      -1.54040281008396775E-003 -4.09560996065731504E-003 -4.95032678400893628E-002   2.1542312545706759      -1.65211557496892794E-003 -1.21795481688313431E-002  1.07708375292122904E-002  0.78561957747824840      -1.04059634094549290E-002 -5.32201410892614406E-003  0.69758654672632825       6.06142564938139399E-004  0.76772357503341260        3.3218001406908044     
          11   2.0450991988095781       0.61457358679634888       0.71199168870181939       5.82777448088195814E-004 -7.26418420254800953E-003 -1.03081138016087228E-002   2.5040731252674937       0.62876432257737447       5.70725682143942252E-003 -2.32753303138009439E-003 -5.13146532316203566E-002   2.1614228615315234      -6.97959501939634445E-004 -5.45439953746274832E-003  1.06605700896117220E-002  0.78386355714710587      -1.04147230944622166E-002 -3.12126252500390501E-003  0.69779812907004357       2.23159095309172781E-003  0.76727698781343079        3.3218001406908044     
          12   2.0432788364085774       0.61504776274729034       0.71056894690809536      -3.52220537001233722E-004 -8.23189362203953349E-004 -1.08845844289225079E-002   2.5047167213666439       0.63126740924409153       8.55569598124979527E-003 -1.25161880706742409E-003 -5.27893744371557838E-002   2.1599884828690992       6.95057508626869473E-005  4.54433764538245068E-004  1.15586719560051114E-002  0.78493177024346616      -1.10761329694642630E-002 -1.41931671355466143E-003  0.69776720536562109       2.73968821913884043E-003  0.76758438405988327        3.3218001406908044     
          13   2.0474320334515612       0.61396209771569898       0.71125905412678647      -1.46392706365951458E-003  7.95890188785297950E-003 -9.98395712921099944E-003   2.5085606544181402       0.62880558258307162       1.54296428842397616E-002  2.58409739417096642E-004 -5.03886903552256682E-002   2.1574693153614675       2.04315757593579762E-003  8.04984895912839310E-003  1.20091922196104706E-002  0.78305269079715911      -1.00044209877545170E-002  7.67089804097314436E-004  0.69769697281683007       4.59249470963840785E-003  0.76701178825327809        3.3218001406908044     
          14   2.0471407705697979       0.61677580569558299       0.71074433714416585       9.00798945570155992E-004 -1.16021666748116759E-002 -1.12047181975284994E-002   2.4963178479419694       0.63202898934915797       1.95122443183760918E-003 -3.50702611836486468E-003 -5.40374058132875590E-002   2.1586179223643205      -2.16334145050548236E-003 -9.20297157563902679E-003  1.20489814400208742E-002  0.78633172458220169      -1.17180791234894333E-002 -4.44119103263856344E-003  0.69815376731211043       1.21586694314479611E-003  0.76829692043528697        3.3218001406908044     
          15   2.0447818393306942       0.61825968122757402       0.70913552629954824       3.97228686818211041E-004 -4.73059452153416944E-003 -1.20141183746346088E-002   2.4944961971087469       0.63180715760598138       6.49026928833191380E-003 -1.30544963578333134E-003 -5.64612781831321728E-002   2.1635140377476443       5.16108392218428348E-004 -3.60684273566437997E-003  1.24519968846766426E-002  0.78507646241161433      -1.29346072328618035E-002 -2.46424802633448629E-003  0.69882736111729316       2.80292740986201345E-003  0.76830676600836711        3.3218001406908044     
          16   2.0635969444803006       0.62140979348393666       0.70738562815215911       3.97907508940537058E-003 -2.36160383285127264E-002 -1.14569888663168286E-002   2.4886227509937493       0.63344720424024548      -1.78922777505289982E-002 -6.07941137607255749E-003 -5.36142202987272692E-002   2.1447776614777485      -6.66702538426817721E-003 -2.12642479913032131E-002  1.11395985566926162E-002  0.78539038420910945      -1.24723281037830633E-002 -7.74786696085934604E-003  0.69821092747327307      -2.90143016132381063E-003  0.77117577274555049        3.3218001406908044     
          17   2.0524404141476671       0.62137939417741728       0.70719219346547713       1.77440096114071756E-003 -1.52435833376581443E-002 -1.33246895187766161E-002   2.4832031967553765       0.63446759351235982      -4.39957478744336730E-003 -3.33963825757203599E-003 -5.81743262012664880E-002   2.1591597486364256      -2.73991186889258271E-003 -1.41370483533431440E-002  1.30332556373711148E-002  0.78643545283403538      -1.36870990596705197E-002 -5.59270807206701907E-003  0.69985805759637976      -2.06923330938350912E-005  0.76913370750800636        3.3218001406908044     
          18   2.0461718418961885       0.62180915630618805       0.70656646589224481       6.89155712916610075E-004 -7.33508448420094883E-003 -1.40791796028949673E-002   2.4843635017785530       0.63435884094905737       5.55756699441354619E-003 -1.88027465318700332E-003 -6.10709881538487806E-002   2.1651375959605366       1.93267554261240912E-004 -6.13690422925567206E-003  1.33627508556039866E-002  0.78595072593909732      -1.48055815581293361E-002 -3.36688244994759554E-003  0.69989255674949291       2.57825782206503370E-003  0.76931450001732604        3.3218001406908044     
          19   2.0451213155591259       0.62344227896424464       0.70486420715742126      -5.53793064525755739E-004 -1.77060598942894087E-003 -1.55305625655942497E-002   2.4812185837915686       0.63715990930660427       9.03627686321011557E-003 -1.23820290595766424E-003 -6.43159494244012753E-002   2.1642067084445524       1.08277642925178790E-003 -2.65899495431690894E-004  1.42342284012155120E-002  0.78707990721695076      -1.61607623012846209E-002 -1.88666080515870714E-003  0.70040538345220371       3.48719452915723354E-003  0.77011889036247905        3.3218001406908044     
          20   2.0532689811207838       0.61973621738660634       0.70725720097044564      -4.02416028887870279E-003  1.32239921919933001E-002 -1.25765747764096641E-002   2.4969315516142534       0.63196622814123660       2.15969329954392719E-002  1.82983761285900591E-003 -5.75905813543634709E-002   2.1534965431213617       7.07324802600663334E-003  1.33940644553895392E-002  1.45890983278561728E-002  0.78361083456955205      -1.17476398879391430E-002  2.62213508733306466E-003  0.69804129534030035       7.32381989062092908E-003  0.77043434217014384        3.3218001406908044     
          21   2.0675982100233359       0.61844662041980469       0.70926470504090477      -4.62338757050450612E-003  2.15404406989794794E-002 -1.05848030773339867E-002   2.5075521203206330       0.62994124598912249       2.56021079727540707E-002  5.20236252519604668E-003 -5.06873527210136149E-002   2.1315527182680150       4.96059671125305239E-003  1.99704426124797732E-002  1.16849091452440202E-002  0.78192683348843472      -1.03936238359378895E-002  6.14214452543627651E-003  0.69560836152682093       7.67311655094243730E-003  0.77381615399050718        3.3218001406908044     
          22   2.0600809385108416       0.62775931712567634       0.70314229665845529       3.99292550213802954E-003 -2.00763524710543435E-002 -1.59492150607235018E-002   2.4675653936784392       0.63825852167361163      -1.45043037176776010E-002 -4.95723991784955461E-003 -6.31063861902195627E-002   2.1549705481211721      -8.20735573056476271E-003 -1.92942730438049950E-002  1.42295278948767721E-002  0.78734461732574235      -1.53687828376983734E-002 -7.31621156069136268E-003  0.70107354834535984      -2.53819091807358944E-003  0.77226412740481520        3.3218001406908044     
          23   2.0500550873562737       0.62771159369863783       0.70291878925835027       1.74551896601926083E-003 -1.12805012025068881E-002 -1.78462817876154367E-002   2.4657391348447186       0.63976225525386021       1.15588838992631518E-004 -2.43317156693489316E-003 -6.79052622718375881E-002   2.1643374708373981      -2.56503173051592526E-003 -1.01175353422644672E-002  1.50452669397954965E-002  0.78848848271541261      -1.80356229498023317E-002 -4.72311814803837854E-003  0.70198929242518959       1.12429383052932669E-003  0.77146798770979119        3.3218001406908044     
          24   2.0470409127787170       0.62796839986645003       0.70196882407973793      -9.05486819089031461E-004 -1.50002178226608701E-003 -1.85698775758253720E-002   2.4686091487146946       0.64024839673943923       1.00017209363888176E-002 -1.17180349685333659E-003 -6.95951695691691963E-002   2.1653281509733562       1.64490260959781424E-003  2.79663553205657318E-005  1.51053924637745488E-002  0.78802707673802141      -1.87227864798930541E-002 -2.03248789574566159E-003  0.70205339336448924       3.92868328259530358E-003  0.77163016609946866        3.3218001406908044     
          25   2.0501945040776803       0.62877871252314821       0.70113650623720014      -3.35024461760323033E-003  4.03160805046982613E-003 -1.88015254659774818E-002   2.4685608793150342       0.63918634185140399       1.87958751915335981E-002 -9.38237904692602377E-004 -7.05576379782875684E-002   2.1642797927582889       4.30706761917284010E-003  6.19229276276313939E-003  1.63050749052627494E-002  0.78676524477048004      -1.80626403980831893E-002 -8.61431982344838029E-004  0.70184627836481184       6.29819307445555511E-003  0.77216117631163728        3.3218001406908044     
          26   2.0625091481110855       0.62492869031460452       0.70479221337161480      -6.38826407936729165E-003  1.88652726887065733E-002 -1.52920758288591363E-002   2.4855255184431959       0.63665909637743590       2.93306283897968936E-002  3.60247890775020887E-003 -6.13722046966109769E-002   2.1411342776709770       8.00222046745032931E-003  1.96093792338177773E-002  1.44977853523738862E-002  0.78471668545522477      -1.43182976382925549E-002  5.13479316843556011E-003  0.69919702282964291       8.90568351399048663E-003  0.77495674048729979        3.3218001406908044     
          27   2.0685722697964914       0.62389205649272572       0.70594519419658619      -6.38628822583532825E-003  2.15298508632896027E-002 -1.37608839435078237E-002   2.4911933629796978       0.63490018070360321       2.98587533642611959E-002  5.01012515184577623E-003 -5.67086374145573668E-002   2.1327156227197319       7.22381147858071251E-003  2.16005206512218800E-002  1.31010081217348556E-002  0.78369938787546178      -1.29445378668877932E-002  6.65380144280116291E-003  0.69820149232773010       8.60222443207073889E-003  0.77554524009390802        3.3218001406908044     
          28   2.0654549413071943       0.63495417228971085       0.69894672560565008       5.57175587662404534E-003 -2.14381532018870502E-002 -2.11726090777368467E-002   2.4466642714546025       0.64310299226320033      -2.01927660896398901E-002 -4.69265056552366916E-003 -7.05493592347666704E-002   2.1547476637208280      -1.11888713296970591E-002 -2.09390063716431707E-002  1.51230934639437157E-002  0.78816883889893274      -1.86784159412153594E-002 -8.09452832071713008E-003  0.70410447690903144      -3.66363188228945166E-003  0.77530814324052455        3.3218001406908044     
          29   2.0532867942631725       0.63569937031481394       0.69776943205047126       1.72138588349738677E-003 -9.85617291167865603E-003 -2.39114813574017870E-002   2.4431267170357920       0.64457575188210370       3.51051224873066413E-004 -1.65060542718797974E-003 -7.72169115795655059E-002   2.1683081235925497      -1.80600490743998443E-003 -9.46299304052770213E-003  1.59763958707008422E-002  0.78890466941328474      -2.25039155779903390E-002 -4.47042292703286968E-003  0.70563586406204259       1.35272326089682510E-003  0.77401089450832439        3.3218001406908044     
          30   2.0530745562221755       0.63622992408388312       0.69696717851627432      -2.23271587661003860E-003  2.77128217498038535E-004 -2.47306447916822436E-002   2.4454565327544495       0.64445399504651690       1.59309435915001157E-002 -1.79962671307263970E-003 -7.91811969690333906E-002   2.1671896985861965       3.25275673789610651E-003  2.67075592520066730E-003  1.66413492170304315E-002  0.78840919335903004      -2.25523748452320545E-002 -2.58587211929757824E-003  0.70506210529644053       5.66278597470660713E-003  0.77486975075397924        3.3218001406908044     
          31   2.0594144780395132       0.63675394646337513       0.69671748981415238      -6.36258865222455970E-003  9.61374376287282145E-003 -2.54635481734276775E-002   2.4467133088347310       0.64489371749246605       2.67310272991189771E-002  6.87693638173014613E-004 -7.90860381702245818E-002   2.1584346984766416       1.10047816649909390E-002  1.16649990370935701E-002  1.76485075601882299E-002  0.78763296548494910      -2.16169027424176624E-002  1.07340615798411174E-003  0.70464227885450992       8.93948158212170066E-003  0.77698892307611345        3.3218001406908044     
          32   2.0683741172226595       0.63135387262003206       0.70137272722704447      -8.16067557539669648E-003  1.94187357994538151E-002 -2.01424967630238552E-002   2.4663189076469645       0.64179339524940116       3.47796985898076588E-002  3.59641603734202776E-003 -6.75521440526306444E-002   2.1380498805906822       1.07047294647965047E-002  2.08198772111415249E-002  1.50660900710923099E-002  0.78626829056911141      -1.72061073211866519E-002  5.61573579213046903E-003  0.70201649050605153       9.99366431821845091E-003  0.77784022281206622        3.3218001406908044     
          33   2.0758444371164844       0.64591432283713579       0.69284321723514242       7.39958585435713558E-003 -2.15148099125940309E-002 -3.07546192972951195E-002   2.4103782894441235       0.64949386216559057      -2.61345768387584235E-002 -2.90613947798681318E-003 -7.98788003827562570E-002   2.1575328437442751      -1.49576383191765000E-002 -2.13598065040905699E-002  1.60843101767068446E-002  0.78767278206972757      -2.36766483231144742E-002 -7.66030983383710583E-003  0.71026287518055065      -4.90259372225028325E-003  0.77959679092394529        3.3218001406908044     
          34   2.0646093945800805       0.64807135938452454       0.69078308489556128       1.11226868700664517E-003 -8.67852909120421859E-003 -3.51417068451086514E-002   2.4027367872184611       0.65199823557697367       6.56683973730352562E-004 -7.36881035869360211E-004 -8.84963696482804346E-002   2.1712845938209160      -9.44652469256352344E-004 -8.88071229272305307E-003  1.56385147107431545E-002  0.78837660827183320      -2.92227133141477607E-002 -4.43603549155821737E-003  0.71290971115167201       2.07039295588103784E-003  0.77857065196717368        3.3218001406908044     
          35   2.0672038534297856       0.64723710735930950       0.69109165984237531      -5.61188342540018016E-003  1.01235734858340755E-003 -3.49999301432565163E-002   2.4115737377627875       0.65085180808452803       2.41282257802924484E-002 -2.16525709605746783E-003 -9.00747252488610234E-002   2.1634261541285369       1.07211652954046464E-002  2.36340436417574462E-003  1.80281787626533074E-002  0.78767951854721274      -2.81775932959488565E-002 -4.40585897706364561E-003  0.71034692554950352       9.29602704598037587E-003  0.78101093797685173        3.3218001406908044     
          36   2.0713459985743632       0.64172758384365802       0.69492815748912651      -9.02282857343813735E-003  1.32487543554991039E-002 -3.03663225080449753E-002   2.4307362623911839       0.64987995609737559       3.70606578815224769E-002  2.95650455169006276E-004 -8.28239050555401313E-002   2.1461687428292153       1.43154737494480440E-002  1.54573301022341205E-002  1.71915957997041229E-002  0.78812910436697625      -2.41633624548432784E-002  1.33360924206252750E-003  0.70736692322856443       1.14956319583104944E-002  0.78156984658130113        3.3218001406908044     
          37   2.1060202535475621       0.66039988477460954       0.68376560182751356       8.48661316651557092E-003 -2.12098193837535823E-002 -4.46993243728275522E-002   2.3445929895180404       0.65891794636001122      -3.50224979707483910E-002  1.75471940718481762E-003 -8.21521262334443531E-002   2.1613015375491993      -2.22505664577591911E-002 -2.02728249141937711E-002  1.51933328787255406E-002  0.78309800746680636      -2.90715505840904789E-002 -4.29390333047631988E-003  0.72401669153871273      -9.03727564450184859E-003  0.78319043461359295        3.3218001406908044     
          38   2.0992014606682048       0.66393685485485743       0.68186714613519439      -4.60717223320549147E-005 -1.06901594296971887E-002 -5.19082260960446115E-002   2.3306582280170067       0.66146765312974276       4.39460522878489836E-003 -5.42285660118275461E-004 -9.13109261623569618E-002   2.1736562854643990       1.58035631208062934E-003 -1.09234458114445196E-002  1.32242054053366004E-002  0.78262729821734323      -3.64486473884158904E-002 -6.99241879988732155E-003  0.72817173159843152       4.35056626267450730E-003  0.78335339844942853        3.3218001406908044     
          39   2.1018638835209291       0.66161224055864065       0.68335289478126826      -8.30090001544471837E-003 -5.14609783294019130E-004 -4.96238071352347390E-002   2.3498272188265465       0.66188444705493343       3.66828648553765499E-002 -5.34545503671464764E-003 -9.34749223927809625E-002   2.1537189605403855       1.94347340695424989E-002  9.96329596043756460E-004  1.56855193402690891E-002  0.78461385280569562      -3.51627924995908114E-002 -1.04233732237740094E-002  0.72234947946660588       1.61847549333321850E-002  0.78832610110509638        3.3218001406908044     
          40   2.1589499317535479       0.66873820287668984       0.67394052877026689       2.08059199575627053E-003 -1.47007787316493360E-002 -4.60594752305463553E-002   2.2523016578947379       0.66889961323830938      -2.45623704547041632E-002  4.26971049182796065E-003 -5.97742838134621840E-002   2.1777644436953620      -1.90186986366838243E-002 -1.51198422493316852E-002  8.04368503025016356E-003  0.77164851264677314      -2.66351418663881845E-002 -2.19992221847905732E-003  0.74843743531065210      -1.03648712296660669E-002  0.77552338981685220        3.3218001406908044     
          41   2.1711907217184057       0.66945726224532409       0.67545937252522725      -1.31479184235814878E-003 -2.01246549527433309E-002 -4.77778724172254823E-002   2.2387353380585506       0.67062642062252975       1.78234936749467748E-002 -1.34376613516357774E-003 -5.78977845114870757E-002   2.1708878553773419       1.43517382973210143E-002 -1.78551633420996406E-002  4.47101344806602116E-003  0.76842150938598408      -3.11719770077329636E-002 -1.61646054122465480E-002  0.75396741810162937       1.51581744070228251E-002  0.77749457538095446        3.3218001406908044     
          42   2.1639044228135909       0.66548863113881151       0.67806395880523840      -6.95149665809454125E-003 -5.96695050152260854E-003 -4.18325659322274640E-002   2.2763425846955196       0.67079980474919654       5.79494476764480376E-002 -5.61797610211243071E-003 -5.65114313159570461E-002   2.1451389046765437       3.63236896918284757E-002 -7.09454545613892704E-004  7.65658687400987744E-003  0.77588620089887095      -2.68234731681196992E-002 -1.66649733659778726E-002  0.74146393189463689       3.07396042009971948E-002  0.78313700356441496        3.3218001406908044     
          44   2.1940259959214186       0.66487483361487809       0.67564778943705850      -4.53534105373456890E-003 -1.89885250531210137E-002 -1.73306654503112278E-002   2.2266820498944861       0.67290233339815742       4.32445322995615999E-002  9.24105775070342694E-004 -1.97436158183959855E-002   2.1618952950718056       3.50642666171840089E-002 -1.42626336067398427E-002 -1.38748294169336196E-004  0.76728502744575100      -1.27752812256427643E-002 -1.45696950206316428E-002  0.75711640604842279       2.58315717489630975E-002  0.77289760114838590        3.3218001406908044     
